event,runNumber,eventNumber,channelNumber,mcWeight,XSection,SumWeights,scaleFactor_PILEUP,scaleFactor_ELE,scaleFactor_MUON,scaleFactor_PHOTON,scaleFactor_TAU,scaleFactor_BTAG,scaleFactor_LepTRIGGER,scaleFactor_PhotonTRIGGER,trigE,trigM,trigP,lep_n,lep_truthMatched,lep_trigMatched,lep_pt,lep_eta,lep_phi,lep_E,lep_z0,lep_charge,lep_type,lep_isTightID,lep_ptcone30,lep_etcone20,lep_trackd0pvunbiased,lep_tracksigd0pvunbiased,met_et,met_phi,jet_n,jet_pt,jet_eta,jet_phi,jet_E,jet_jvt,jet_trueflav,jet_truthMatched,jet_MV2c10,photon_n,photon_truthMatched,photon_trigMatched,photon_pt,photon_eta,photon_phi,photon_E,photon_isTightID,photon_ptcone30,photon_etcone20,photon_convType,largeRjet_n,largeRjet_pt,largeRjet_eta,largeRjet_phi,largeRjet_E,largeRjet_m,largeRjet_truthMatched,largeRjet_D2,largeRjet_tau32,tau_n,tau_pt,tau_eta,tau_phi,tau_E,tau_charge,tau_isTightID,tau_truthMatched,tau_trigMatched,tau_nTracks,tau_BDTid,ditau_m,lep_pt_syst,met_et_syst,jet_pt_syst,photon_pt_syst,largeRjet_pt_syst,tau_pt_syst
746,284500,72287,364140,1,1.76249,2.92375e+06,0.619412,1,0.999528,1,1,0.999382,0.948081,1,0,1,0,1,"[0]","[1]","[52388.4]","[1.37157]","[2.13414]","[109891]","[-0.0537033]","[-1]","[13]","[1]","[0]","[369.234]","[-0.000836253]","[0.110143]",52775.8,-0.367183,2,"[301315,292435]","[0.902545,-0.0779451]","[0.68869,-2.21153]","[433284,295440]","[0.992817,0.983959]","[0,0]","[0,0]","[0.106536,-0.819906]",0,"[]","[]","[]","[]","[]","[]","[]","[]","[]","[]",2,"[321681,309728]","[0.883325,-0.101546]","[0.692978,-2.21327]","[456462,316554]","[28767,57292.6]","[0,0]","[2.02714,1.94007]","[0.687877,0.744262]",0,"[]","[]","[]","[]","[]","[]","[]","[]","[]","[]",0,"[384.894]",6045.71,"[3637.85,9716.89]","[]","[1453.41,10537.6]","[]"
2953,284500,961876,364140,1.45071,1.76249,2.92375e+06,0.75088,0.93894,1,1,1,0.999236,1,1,1,0,0,1,"[0]","[1]","[32258.3]","[2.18988]","[-2.26591]","[145906]","[-0.0486298]","[1]","[11]","[0]","[0]","[1763.35]","[-0.124438]","[5.77456]",148396,-2.03772,2,"[337224,61293.8]","[-0.412941,-0.855092]","[0.950999,1.61848]","[367278,85917.3]","[0.983385,0.990364]","[0,0]","[0,0]","[-0.934986,-0.745924]",0,"[]","[]","[]","[]","[]","[]","[]","[]","[]","[]",1,"[375135]","[-0.443878]","[1.02396]","[428891]","[116726]","[0]","[1.80511]","[0.794842]",0,"[]","[]","[]","[]","[]","[]","[]","[]","[]","[]",0,"[282.972]",19217.6,"[10124.1,4843.4]","[]","[17045.8]","[]"
7088,284500,957388,364140,1,1.76249,2.92375e+06,1.25133,0.96052,1,1,1,0.972439,1.01448,1,1,0,0,1,"[0]","[1]","[59610.6]","[1.85102]","[-1.98826]","[194432]","[0.0567379]","[-1]","[11]","[1]","[0]","[1062.58]","[0.0367552]","[2.68357]",87498.5,-1.78792,5,"[201517,176740,104080,51278.7,26573]","[-0.338579,1.85604,0.320131,1.04762,-0.953247]","[1.55397,-0.810254,2.03041,-3.08948,-1.07061]","[214154,579476,110497,82312.2,39913.7]","[0.995917,0.998071,0.990244,0.984982,0.955227]","[0,0,0,0,5]","[0,0,0,0,0]","[-0.683515,-0.902943,-0.862755,-0.918292,0.814975]",0,"[]","[]","[]","[]","[]","[]","[]","[]","[]","[]",1,"[281700]","[-0.11255]","[1.72006]","[307693]","[119628]","[0]","[0.819747]","[0.686306]",0,"[]","[]","[]","[]","[]","[]","[]","[]","[]","[]",0,"[520.873]",2369.62,"[2398.59,3396.57,4204.17,3761.81,1146.78]","[]","[550]","[]"
7784,284500,959361,364140,1.13207,1.76249,2.92375e+06,1.55465,0.97332,1,1,1,0.953855,0.98683,1,1,0,0,1,"[0]","[1]","[75054.4]","[-0.792035]","[2.28953]","[99852.6]","[-0.0238571]","[-1]","[11]","[1]","[0]","[-37.6837]","[0.0128087]","[1.51675]",56978.7,1.17931,4,"[312732,165869,27288.2,25821.5]","[-1.46497,0.331055,-1.2632,-1.58501]","[-0.716242,2.53011,-2.1643,2.54854]","[713009,177635,52270.5,65836.9]","[1,0.99,0.884682,0.993356]","[4,0,0,0]","[0,0,0,0]","[0.771698,-0.85692,-0.826536,-0.398552]",0,"[]","[]","[]","[]","[]","[]","[]","[]","[]","[]",1,"[321243]","[-1.47214]","[-0.715576]","[737049]","[13301.5]","[0]","[2.90327]","[0.622048]",0,"[]","[]","[]","[]","[]","[]","[]","[]","[]","[]",0,"[235.161]",4650.11,"[7858.01,2905.07,3484.37,2574.36]","[]","[16414.3]","[]"
8541,284500,1672510,364140,1,1.76249,2.92375e+06,1.74563,0.906072,1,1,1,0.999599,0.84038,1,1,0,0,2,"[0,0]","[1,0]","[27778.9,13287.4]","[1.64006,0.492173]","[-0.354672,2.49851]","[74301,14929.5]","[0.123062,0.00543213]","[1,-1]","[11,11]","[1,1]","[0,0]","[780.241,402.987]","[-0.0472717,0.0659229]","[3.70514,4.78468]",29808.9,2.83217,7,"[267895,190714,84657.6,75669.9,44473.8,44196,21188.9]","[-0.168625,-1.40193,-0.620657,-2.08766,2.20411,-0.167043,-0.615754]","[2.65779,-0.530897,1.33244,-0.751265,-2.32089,-0.90904,0.423845]","[272390,411119,102352,310037,204068,45190.7,25676]","[0.998217,0.990072,0.997749,0.992511,0.992202,0.996491,0.947987]","[0,0,5,4,0,0,0]","[0,0,0,0,0,0,0]","[-0.850756,-0.975238,0.993438,0.465216,-0.829078,-0.770899,-0.364055]",0,"[]","[]","[]","[]","[]","[]","[]","[]","[]","[]",1,"[270657]","[-0.0871886]","[2.66297]","[272058]","[14200.3]","[0]","[1.73497]","[0.58798]",0,"[]","[]","[]","[]","[]","[]","[]","[]","[]","[]",0,"[293.245,47.0944]",412.701,"[5604.09,7733.62,3152.37,1679.21,4471.51,4431,2613.21]","[]","[3660.66]","[]"
9835,284500,1260459,364140,1,1.76249,2.92375e+06,1.24168,1,0.996714,1,1,0.998479,0.98589,1,0,1,0,1,"[0]","[1]","[68527.6]","[-2.09809]","[-2.00025]","[283473]","[-0.0177116]","[1]","[13]","[1]","[0]","[-115.222]","[0.0225804]","[2.96933]",94509.2,-1.75637,3,"[310458,270658,31623.1]","[1.61937,0.775058,0.7016]","[0.333501,2.78999,-1.27944]","[814722,356330,40105.2]","[1,0.999693,0.978323]","[0,0,0]","[0,0,0]","[-0.818316,-0.911536,-0.956209]",0,"[]","[]","[]","[]","[]","[]","[]","[]","[]","[]",2,"[301237,261970]","[1.6119,0.760597]","[0.33181,2.79346]","[785108,341553]","[13184.9,7515.34]","[0,0]","[6.03287,0]","[0.546418,-1]",0,"[]","[]","[]","[]","[]","[]","[]","[]","[]","[]",0,"[1110.04]",786.164,"[8842.48,4808.72,4084.45]","[]","[3895.81,546.391]","[]"
10729,284500,28870,364140,1,1.76249,2.92375e+06,1.1961,1,0.988313,1,1,0.976865,0.901612,1,0,1,0,2,"[0,0]","[1,0]","[76812.2,16546.3]","[0.186157,-0.199414]","[0.73757,-0.96847]","[78147.1,16876.4]","[0.0385361,-0.00369263]","[1,-1]","[13,11]","[1,0]","[0,0]","[-742.707,267.702]","[-0.0268316,0.0819656]","[4.458,4.74721]",47914.9,0.688329,4,"[261635,65107,49304.1,36437.9]","[0.741596,1.12321,1.90722,2.31465]","[-2.35868,-0.123584,1.1824,1.40643]","[337279,111918,169791,186240]","[0.996995,0.982223,0.992843,0.966992]","[5,0,0,0]","[0,0,0,0]","[0.981801,-0.974433,-0.920278,-0.922715]",0,"[]","[]","[]","[]","[]","[]","[]","[]","[]","[]",1,"[269530]","[0.701501]","[-2.35965]","[339008]","[16358.5]","[0]","[2.16268]","[0.358211]",0,"[]","[]","[]","[]","[]","[]","[]","[]","[]","[]",0,"[1613.34,67.3923]",7821.54,"[9364.52,3614.5,8378.17,5383.34]","[]","[5928.16]","[]"
11068,284500,95159,364140,1,1.76249,2.92375e+06,0.187531,1,1.00109,1,1,0.949182,1.01621,1,0,1,0,1,"[0]","[1]","[142165]","[1.59666]","[-3.06383]","[365300]","[0.0162573]","[-1]","[13]","[1]","[0]","[1197]","[-0.00896609]","[1.6843]",68795.1,-2.95487,5,"[234868,84892.7,81898.3,33895.5,22112.9]","[-1.52586,1.3746,0.798329,-1.30098,-1.90557]","[-1.11076,2.54721,-2.61852,-0.523616,-1.34149]","[567158,178676,109835,67074.8,76097.6]","[0.993568,0.998149,0.996153,0.967869,0.982896]","[4,15,0,0,0]","[0,1,0,0,0]","[-0.529967,0.387588,-0.859226,0.376134,-0.122454]",0,"[]","[]","[]","[]","[]","[]","[]","[]","[]","[]",1,"[293792]","[-1.54523]","[-1.07119]","[723397]","[68646.9]","[0]","[1.71036]","[0.74411]",0,"[]","[]","[]","[]","[]","[]","[]","[]","[]","[]",0,"[7233.38]",506.586,"[4114.39,3071.42,4641.99,7384.19,2614.81]","[]","[6588.5]","[]"
16748,284500,113405,364140,1,1.76249,2.92375e+06,0.75088,0.97332,1,1,1,0.994252,0.98683,1,1,0,0,1,"[0]","[1]","[77626.3]","[-1.08682]","[2.60004]","[128165]","[0.00782585]","[-1]","[11]","[1]","[5427.96]","[1032.71]","[-0.0234861]","[1.89777]",166853,2.47723,4,"[413001,167917,64790.3,35198.2]","[-0.357754,-0.834173,-0.501581,-0.574423]","[-0.446897,-3.05589,2.4424,0.513607]","[441751,230704,73468.2,41628.3]","[0.989595,0.994927,0.987269,0.996771]","[0,0,15,0]","[0,0,1,0]","[-0.483906,-0.916238,-0.800007,-0.837151]",0,"[]","[]","[]","[]","[]","[]","[]","[]","[]","[]",2,"[411469,304258]","[-0.400294,-0.898799]","[-0.39539,2.89844]","[459921,457926]","[116666,141077]","[0,0]","[2.97053,1.13238]","[0.470894,0.264455]",0,"[]","[]","[]","[]","[]","[]","[]","[]","[]","[]",0,"[439.29]",7352.31,"[5392.54,2536.87,5694.93,2793.65]","[]","[20643.8,1193.78]","[]"
19133,284500,206622,364140,1,1.76249,2.92375e+06,1.55465,0.94443,1,1,1,0.975996,1.01758,1,1,0,0,1,"[0]","[1]","[39019]","[2.23165]","[-2.55959]","[183829]","[0.0522156]","[-1]","[11]","[1]","[0]","[779.763]","[-0.0257511]","[1.34915]",17274,-1.47888,6,"[334844,262655,44972.9,30823.7,27528.5,25895.8]","[1.23933,1.24682,1.55702,1.88976,1.04192,0.363868]","[-1.24018,1.98417,1.03219,2.15057,1.30364,0.860246]","[628440,495071,111455,104488,44222.1,27918.1]","[1,0.994813,1,1,0.990403,1]","[0,0,15,0,0,4]","[0,0,1,0,0,0]","[-0.964755,-0.913526,-0.684961,-0.669022,-0.44587,-0.842111]",0,"[]","[]","[]","[]","[]","[]","[]","[]","[]","[]",2,"[357123,325812]","[1.2299,1.38273]","[-1.23818,1.88111]","[664951,704868]","[50420.2,143158]","[0,0]","[1.4515,1.71248]","[0.69349,0.29176]",0,"[]","[]","[]","[]","[]","[]","[]","[]","[]","[]",0,"[84.1951]",11030.7,"[11645.3,4969.13,9349.74,2075.69,2628.78,2043.49]","[]","[19064.6,17356.9]","[]"
20377,284500,2960266,364140,1.20027,1.76249,2.92375e+06,1.25133,1,0.999025,1,1,0.996893,0.988041,1,0,1,0,1,"[0]","[1]","[28590.1]","[2.07212]","[0.194853]","[115326]","[0.095232]","[1]","[13]","[1]","[0]","[0]","[-0.0428879]","[2.98534]",84864.4,1.72096,4,"[309596,258003,33616.3,25002.3]","[-0.144505,0.0542051,-2.49301,-0.103078]","[-0.851119,2.41384,-2.22694,2.82452]","[313271,259037,204831,25262]","[1,1,0.960604,0.808103]","[0,0,0,0]","[0,0,0,0]","[-0.955854,-0.953142,-0.786443,-0.923746]",0,"[]","[]","[]","[]","[]","[]","[]","[]","[]","[]",2,"[308848,277821]","[-0.152312,0.040513]","[-0.847109,2.44224]","[312697,279525]","[12729.8,28688.5]","[0,0]","[2.98723,2.57581]","[0.260144,0.263152]",0,"[]","[]","[]","[]","[]","[]","[]","[]","[]","[]",0,"[281.188]",1430.54,"[3691.21,5667.95,2628.42,3729.29]","[]","[703.188,9598.62]","[]"
21211,284500,1312813,364140,1,1.76249,2.92375e+06,1.26459,0.98458,1,1,1,0.966802,1.00582,1,1,0,0,1,"[0]","[1]","[120284]","[-0.283735]","[-2.48603]","[125158]","[0.015461]","[1]","[11]","[1]","[0]","[230.56]","[-0.00142357]","[0.135221]",92096.3,-2.61934,3,"[320950,149616,49282.6]","[0.963994,0.157967,0.491734]","[0.580028,-2.6041,-0.064741]","[483488,151848,56110.6]","[0.991928,0.941405,0.989959]","[0,0,4]","[0,0,0]","[-0.914559,-0.949493,-0.892614]",0,"[]","[]","[]","[]","[]","[]","[]","[]","[]","[]",2,"[320487,263814]","[0.911022,-0.0846687]","[0.539612,-2.55491]","[468697,269501]","[73234.6,50326.5]","[0,0]","[2.29086,0.341062]","[0.372017,0.460147]",0,"[]","[]","[]","[]","[]","[]","[]","[]","[]","[]",0,"[1058.89]",12237.1,"[12770.3,2474.7,2182.14]","[]","[3226.72,4258.47]","[]"
24476,284500,1150393,364140,-1,1.76249,2.92375e+06,1.32095,1,0.99188,1,1,0.998919,0.928946,1,0,1,0,2,"[0,0]","[1,0]","[40276.8,18042.9]","[0.300598,1.15782]","[-0.214911,-1.31996]","[42110.4,31549.5]","[0.0548096,0.148901]","[-1,1]","[13,13]","[1,0]","[0,0]","[-15.9127,1638.78]","[-0.00926667,0.111444]","[1.46094,9.83651]",102732,-0.551367,2,"[321128,244876]","[1.71122,0.563164]","[1.73109,-1.9239]","[918265,284924]","[0.996875,1]","[0,0]","[0,0]","[-0.832254,-0.947258]",0,"[]","[]","[]","[]","[]","[]","[]","[]","[]","[]",1,"[335449]","[1.71188]","[1.72834]","[959711]","[25824.3]","[0]","[2.0721]","[0.640775]",0,"[]","[]","[]","[]","[]","[]","[]","[]","[]","[]",0,"[145.936,74.5196]",3081.92,"[6936.16,3807.35]","[]","[19784]","[]"
26636,284500,1150362,364140,1,1.76249,2.92375e+06,1.26459,1,1,1,1,0.992637,1,1,1,0,0,1,"[0]","[1]","[221033]","[1.02078]","[1.66351]","[346544]","[0.000183105]","[-1]","[11]","[0]","[5459.62]","[9515.68]","[-0.0433568]","[3.54236]",127262,2.03029,5,"[615636,236597,38967.8,38144.5,27209.2]","[-0.0989375,0.640134,-1.12047,1.43403,-0.630409]","[-1.04633,2.54203,-0.899256,2.10347,-1.34279]","[623173,287225,66395.4,84653.9,33060.1]","[0.995756,0.991321,0.994951,0.913731,0.991616]","[0,0,0,15,0]","[0,0,0,1,0]","[-0.770985,-0.823922,-0.841495,-0.459389,-0.784899]",0,"[]","[]","[]","[]","[]","[]","[]","[]","[]","[]",2,"[603689,493981]","[-0.178448,0.953166]","[-1.01991,2.07448]","[635657,783583]","[167006,269196]","[0,0]","[2.78789,0.560061]","[0.618196,0.267269]",0,"[]","[]","[]","[]","[]","[]","[]","[]","[]","[]",0,"[2356.3]",3140.83,"[10212.6,2751.81,5426.97,4080.79,2058.29]","[]","[21659.5,7511.97]","[]"
27769,284500,1151232,364140,1.26853,1.76249,2.92375e+06,1.32095,1,0.996078,1,1,1.04488,0.972705,1,0,1,0,1,"[0]","[1]","[31470]","[-1.56382]","[-1.23404]","[78460.2]","[0.0770798]","[-1]","[13]","[1]","[0]","[2063.87]","[-0.0124445]","[1.45201]",90852.9,-1.82241,5,"[318428,168228,39000.8,35022.2,20165.3]","[-1.02102,-0.586407,-1.36878,-1.64776,-0.433824]","[1.68533,-1.48495,-0.0317615,-2.45711,-0.510962]","[500303,198437,81924.4,94437.4,22505.6]","[0.992836,0.990468,1,0.990584,0.974085]","[0,0,0,15,0]","[0,0,0,1,0]","[-0.625941,-0.87108,-0.924251,0.991686,-0.907814]",0,"[]","[]","[]","[]","[]","[]","[]","[]","[]","[]",1,"[299164]","[-0.993054]","[1.68479]","[459483]","[16058.8]","[0]","[1.41094]","[0.430481]",0,"[]","[]","[]","[]","[]","[]","[]","[]","[]","[]",0,"[589.062]",20825,"[13676.2,2422.86,2474.88,2550.82,1129.64]","[]","[2438.41]","[]"
29416,284500,1282103,364140,1,1.76249,2.92375e+06,0.75088,1,0.995472,1,1,0.995803,0.952143,1,0,1,0,1,"[0]","[1]","[93804.7]","[-0.347578]","[0.98828]","[99528.4]","[-0.0319214]","[1]","[13]","[1]","[0]","[-677.668]","[0.00810702]","[1.69127]",107857,0.807382,4,"[426380,259187,100407,53616.4]","[0.603831,0.131614,1.12876,-1.415]","[-1.98667,1.11739,-2.71055,1.21382]","[507201,263034,172495,117239]","[0.977915,0.997806,0.974983,0.996499]","[0,15,0,0]","[0,1,0,0]","[-0.898431,-0.797989,0.0842926,-0.900767]",0,"[]","[]","[]","[]","[]","[]","[]","[]","[]","[]",2,"[469210,271899]","[0.732255,0.206777]","[-2.07981,1.10524]","[620254,279962]","[154410,35257.5]","[0,0]","[1.35778,1.41967]","[0.53242,0.499028]",0,"[]","[]","[]","[]","[]","[]","[]","[]","[]","[]",0,"[3465.06]",5914.14,"[4900.19,3329.72,3399.7,2629.22]","[]","[15344.9,18207.5]","[]"
30129,284500,87480,364140,1,1.76249,2.92375e+06,0.75088,1,0.985696,1,1,1.02848,1.00735,1,0,1,0,1,"[0]","[1]","[93318.4]","[1.90032]","[-1.25881]","[319036]","[0.787154]","[1]","[13]","[1]","[0]","[48.6975]","[-0.040779]","[6.72929]",103149,-1.71089,6,"[229201,204616,86005.1,57588.6,28806.7,27725.2]","[-1.42513,1.02965,-1.82496,-0.592669,1.85456,0.538744]","[2.23956,-0.581928,2.12209,2.19983,0.800303,-1.68346]","[504466,323962,273737,68676.7,94328.9,32289]","[0.99022,0.99,0.997708,0.994018,0.983749,0.996872]","[5,0,5,0,0,15]","[0,0,0,0,0,1]","[0.999292,-0.892458,0.961664,-0.798248,-0.737831,-0.942382]",0,"[]","[]","[]","[]","[]","[]","[]","[]","[]","[]",1,"[340321]","[-1.47221]","[2.19583]","[793756]","[143146]","[0]","[1.70935]","[0.317168]",0,"[]","[]","[]","[]","[]","[]","[]","[]","[]","[]",0,"[95.0952]",6343.95,"[2732.87,2630.27,2371.62,3722.32,4744.33,5085.17]","[]","[2211.78]","[]"
30490,284500,1279601,364140,1,1.76249,2.92375e+06,1.26459,0.93214,1,1,1,0.999518,0.84537,1,1,0,0,1,"[0]","[1]","[28834.9]","[-1.59902]","[2.71748]","[74254.1]","[-0.120741]","[1]","[11]","[1]","[0]","[704.869]","[0.0260065]","[1.91795]",153209,-2.7879,1,"[312030]","[-1.38204]","[0.252554]","[661888]","[0.998784]","[0]","[0]","[-0.920357]",0,"[]","[]","[]","[]","[]","[]","[]","[]","[]","[]",1,"[293979]","[-1.38161]","[0.245173]","[622966]","[32252.9]","[0]","[1.15144]","[0.715913]",0,"[]","[]","[]","[]","[]","[]","[]","[]","[]","[]",0,"[224.628]",30314.8,"[13859]","[]","[2837.66]","[]"
35522,284500,228752,364140,1,1.76249,2.92375e+06,1.26459,0.96322,0.985263,1,1,0.997911,1.02127,1,0,1,0,2,"[0,0]","[1,0]","[71589.7,10576.3]","[1.69792,0.710555]","[0.228764,-1.51994]","[202084,13360.5]","[-0.12772,0.0540962]","[-1,1]","[13,11]","[1,1]","[0,0]","[-317.777,444.076]","[0.0399953,0.0118849]","[4.41562,0.892368]",17887.9,0.51421,3,"[258884,125980,85438.2]","[-0.20793,0.301561,1.69361]","[2.64773,-1.11101,-0.366964]","[268280,131976,240335]","[0.991058,1,0.999488]","[0,0,0]","[0,0,0]","[-0.952371,-0.855605,-0.887718]",0,"[]","[]","[]","[]","[]","[]","[]","[]","[]","[]",1,"[266766]","[-0.215652]","[2.65637]","[276770]","[45561.8]","[0]","[1.08004]","[0.536626]",0,"[]","[]","[]","[]","[]","[]","[]","[]","[]","[]",0,"[1248.7,82.9669]",12056.7,"[9114.1,2566.44,8114.75]","[]","[7415.81]","[]"
35562,284500,239845,364140,1,1.76249,2.92375e+06,1.21412,0.96615,1,1,1,0.979503,0.98962,1,1,0,0,1,"[0]","[1]","[61962.4]","[1.31693]","[1.17207]","[123922]","[0.0538101]","[1]","[11]","[1]","[0]","[1161.8]","[0.002189]","[0.188979]",453152,1.18052,2,"[45112.6,27359.2]","[2.0809,0.354012]","[3.02117,-2.34989]","[183670,29667.8]","[0.993401,0.942367]","[0,4]","[0,0]","[0.375716,-0.568931]",0,"[]","[]","[]","[]","[]","[]","[]","[]","[]","[]",1,"[476786]","[0.637987]","[-1.8713]","[581962]","[74646.7]","[0]","[1.33856]","[0.155199]",0,"[]","[]","[]","[]","[]","[]","[]","[]","[]","[]",0,"[180.62]",4463.72,"[4063.88,1483.16]","[]","[40745.9]","[]"
35720,284500,2989610,364140,1,1.76249,2.92375e+06,1.25133,0.96445,1,1,1,0.998004,1.00001,1,1,0,0,1,"[0]","[1]","[49054]","[-1.84743]","[-0.801375]","[159453]","[0.00112915]","[1]","[11]","[1]","[0]","[44.2701]","[-0.00236173]","[0.214619]",56373.7,-0.791863,3,"[306040,99421.7,25084.9]","[0.488442,0.265606,0.945721]","[2.1106,-0.69216,-0.912085]","[344723,103462,37617.4]","[0.99037,0.986585,0.996593]","[0,0,0]","[0,0,0]","[-0.13274,-0.782811,-0.548138]",0,"[]","[]","[]","[]","[]","[]","[]","[]","[]","[]",1,"[264528]","[0.535311]","[2.11706]","[304373]","[25016.6]","[0]","[1.69328]","[0.74524]",0,"[]","[]","[]","[]","[]","[]","[]","[]","[]","[]",0,"[213.28]",15895.8,"[4480.9,2010.87,4567.66]","[]","[8613.12]","[]"
36062,284500,241375,364140,1.16441,1.76249,2.92375e+06,0.75088,1,1,1,1,0.996741,1,1,1,0,0,1,"[0]","[1]","[233555]","[-0.848953]","[-0.979314]","[322897]","[-0.0102816]","[1]","[11]","[0]","[98247.6]","[4364.37]","[0.0503337]","[3.07353]",293344,-0.995281,4,"[361830,292253,33270.8,21579.5]","[0.729536,-0.395838,0.0633876,-2.14824]","[2.14541,2.09497,2.42297,-1.77429]","[463208,315869,34120.9,93817.6]","[0.995012,0.998159,0.972619,0.872553]","[0,0,0,0]","[0,0,0,0]","[-0.953272,-0.877313,-0.881975,-0.867745]",0,"[]","[]","[]","[]","[]","[]","[]","[]","[]","[]",3,"[366217,367063,310098]","[0.73452,-0.911278,-0.395402]","[2.14531,-0.981034,2.09803]","[470209,531507,334843]","[25259.6,35562.9,11185]","[0,0,0]","[1.48804,0.773369,2.56388]","[0.439291,0.605542,0.451656]",0,"[]","[]","[]","[]","[]","[]","[]","[]","[]","[]",0,"[2239.43]",36407.4,"[7264.45,5750.72,4873.91,1682.28]","[]","[11760.9,6849.31,7805.91]","[]"
36888,284500,1764266,364140,1,1.76249,2.92375e+06,0.696077,0.96126,0.999692,1,1,0.992006,1.00723,1,0,1,0,2,"[0,0]","[1,0]","[66601.6,27476.5]","[1.11151,0.467796]","[2.84536,2.23758]","[112157,30538.1]","[0.0620995,0.117153]","[-1,1]","[13,11]","[1,0]","[0,0]","[-314.407,449.943]","[-0.031281,0.0359094]","[4.6065,3.16419]",165324,-3.029,6,"[524951,205882,172717,29851.2,26205.7,22093.5]","[0.543975,-1.45555,-0.926842,-2.31682,-0.761015,0.0346879]","[-1.10971,1.70393,1.3766,2.62341,1.86686,-0.579146]","[605695,467421,253338,152973,34641.4,22632.9]","[0.99842,0.997661,0.971058,1,0.861602,0.872405]","[0,0,0,0,0,0]","[0,0,0,0,0,0]","[-0.900007,-0.931614,-0.864423,0.631996,0.218643,-0.742356]",0,"[]","[]","[]","[]","[]","[]","[]","[]","[]","[]",2,"[521193,367237]","[0.560532,-1.26479]","[-1.11652,1.56569]","[606017,715128]","[30721.6,134967]","[0,0]","[2.68029,1.14674]","[0.499979,0.543328]",0,"[]","[]","[]","[]","[]","[]","[]","[]","[]","[]",0,"[802.076,209.076]",4471.33,"[13793.4,4302.53,3017.98,2058.85,2599.24,1781.48]","[]","[3938.75,8996.28]","[]"
37783,284500,472912,364140,2.22322,1.76249,2.92375e+06,1.26205,0.98697,0.97359,1,1,0.996968,1.00582,1,1,0,0,2,"[0,0]","[1,0]","[171054,10596.4]","[-0.303732,0.0555447]","[2.93533,-2.48517]","[179005,10613.3]","[0.128532,0.0122528]","[-1,1]","[11,13]","[1,1]","[0,0]","[-611.728,-922.137]","[-0.0235436,-0.148232]","[3.33477,8.19328]",114260,-2.153,4,"[454460,383270,45411.5,44994.3]","[0.654868,-0.107932,1.26817,0.637746]","[-0.682269,1.8028,2.41261,-1.38709]","[557760,386019,87220.6,55003.4]","[0.998333,0.985343,0.832581,0.759153]","[0,0,0,0]","[0,0,0,0]","[-0.922591,-0.953752,-0.924535,-0.952231]",0,"[]","[]","[]","[]","[]","[]","[]","[]","[]","[]",2,"[473607,388713]","[0.698327,-0.0766622]","[-0.719066,1.80351]","[600811,390041]","[91147.7,12006.5]","[0,0]","[2.63322,4.05676]","[0.565167,0.463344]",0,"[]","[]","[]","[]","[]","[]","[]","[]","[]","[]",0,"[1028.31,46.1182]",24266.9,"[5131.26,13034.2,5829.26,2957.36]","[]","[30457.3,5974.16]","[]"
38866,284500,1707192,364140,1,1.76249,2.92375e+06,1.26459,0.98428,1,1,1,0.997949,1.00121,1,1,0,0,1,"[0]","[1]","[204133]","[-1.94932]","[-2.42394]","[731439]","[0.224304]","[1]","[11]","[1]","[0]","[741.164]","[0.103165]","[10.2088]",167968,-2.51148,2,"[466430,27649.1]","[-1.45452,-0.957083]","[0.648888,2.69061]","[1.05408e+06,41563.3]","[0.99267,0.934208]","[0,0]","[0,0]","[-0.738955,-0.757556]",0,"[]","[]","[]","[]","[]","[]","[]","[]","[]","[]",2,"[471966,336827]","[-1.48615,-1.87118]","[0.658812,-2.49568]","[1.09748e+06,1.12135e+06]","[47598.4,56491.7]","[0,0]","[2.61013,0.1437]","[0.596102,0.702891]",0,"[]","[]","[]","[]","[]","[]","[]","[]","[]","[]",0,"[2061.06]",12411.6,"[11321.8,4439.39]","[]","[43378,3192.91]","[]"
42027,284500,802963,364140,1,1.76249,2.92375e+06,1.25133,1,1.00087,1,1,0.9978,1.00403,1,0,1,0,1,"[0]","[1]","[27062.3]","[1.51682]","[-0.895521]","[64639.9]","[0.259479]","[1]","[13]","[1]","[0]","[708.797]","[-0.0209965]","[2.18884]",335605,-0.875296,4,"[373656,218183,68916.2,31773.9]","[0.648652,0.159374,-0.768837,0.383758]","[1.7144,2.98551,-2.61118,-1.52445]","[455479,221221,91063.4,34933.6]","[0.99076,1,0.994967,0.987534]","[0,0,0,0]","[0,0,0,0]","[0.604784,-0.933276,-0.746552,-0.906536]",0,"[]","[]","[]","[]","[]","[]","[]","[]","[]","[]",1,"[392920]","[0.655903]","[1.71725]","[481039]","[22494.1]","[0]","[2.4966]","[0.218153]",0,"[]","[]","[]","[]","[]","[]","[]","[]","[]","[]",0,"[168.239]",7700.22,"[7672.33,2645.36,2733.58,4235.13]","[]","[2541.12]","[]"
42790,284500,827664,364140,1,1.76249,2.92375e+06,0.696077,1,1.00098,1,1,0.99843,0.979445,1,0,1,0,2,"[0,0]","[1,0]","[89634.7,38322.6]","[-1.36712,-0.913627]","[-2.3825,-0.596418]","[187286,55460.7]","[-0.00347137,0.0346298]","[-1,1]","[13,11]","[1,0]","[0,5201.6]","[-1010.46,3933.95]","[0.0393596,-0.0573871]","[4.32363,2.79991]",24644.3,-1.5512,3,"[331753,317112,94601.3]","[0.551366,-0.233043,-1.16343]","[1.60593,-1.50274,1.51824]","[385100,326250,166394]","[1,0.999333,0.996006]","[0,0,0]","[0,0,0]","[-0.907772,-0.864071,-0.827157]",0,"[]","[]","[]","[]","[]","[]","[]","[]","[]","[]",2,"[341765,329592]","[-0.219525,0.565583]","[-1.50728,1.6033]","[350295,385316]","[13527.2,34950.1]","[0,0]","[2.56649,0.884347]","[0.281079,0.569465]",0,"[]","[]","[]","[]","[]","[]","[]","[]","[]","[]",0,"[817.326,25.3577]",13647.2,"[4378.58,6466.49,5349.12]","[]","[11562.2,7538.03]","[]"
46555,284500,873099,364140,1,1.76249,2.92375e+06,1.26205,1,0.994954,1,1,0.994756,0.917491,1,0,1,0,1,"[0]","[1]","[40854.7]","[-0.141275]","[-0.640291]","[41263.2]","[0.133362]","[-1]","[13]","[1]","[0]","[-240.777]","[-0.203957]","[18.224]",244418,-0.706108,6,"[354752,100511,77863.1,41585,37499.4,24205.4]","[1.17789,0.820747,-0.107331,-0.428904,0.52809,0.177916]","[2.67888,-0.725096,1.298,-1.41762,1.95026,0.92671]","[631279,136417,78738,46446.1,43142.7,25277]","[0.99004,0.0840035,0.998545,0.998786,0.97333,0.979264]","[0,0,0,15,0,0]","[0,0,0,1,0,0]","[-0.876981,-0.723377,-0.902043,-0.072725,-0.939911,-0.839311]",0,"[]","[]","[]","[]","[]","[]","[]","[]","[]","[]",1,"[410867]","[1.17149]","[2.67874]","[727078]","[27525.4]","[0]","[1.55779]","[0.60609]",0,"[]","[]","[]","[]","[]","[]","[]","[]","[]","[]",0,"[376.907]",44662.3,"[9378.18,9074.24,12515.4,2381.14,2880.91,1767.47]","[]","[17011.2]","[]"
47475,284500,732713,364140,1,1.76249,2.92375e+06,0.75088,1,0.999213,1,1,0.995488,0.980575,1,0,1,0,1,"[0]","[1]","[54710.3]","[2.02074]","[-2.13008]","[209991]","[-0.192356]","[-1]","[13]","[1]","[0]","[-212.681]","[0.0453365]","[6.14968]",50600.2,-2.24749,4,"[276165,202373,32943.8,22298.8]","[1.49863,-0.0168701,-2.00003,-0.225908]","[1.8255,-1.13168,0.995686,0.318711]","[649057,203539,124098,23532.3]","[0.994568,0.997946,0.996454,0.946647]","[15,0,0,0]","[1,0,0,0]","[-0.835009,-0.965606,-0.908976,0.191575]",0,"[]","[]","[]","[]","[]","[]","[]","[]","[]","[]",1,"[276429]","[1.49722]","[1.82246]","[648861]","[16985.4]","[0]","[2.36807]","[0.605579]",0,"[]","[]","[]","[]","[]","[]","[]","[]","[]","[]",0,"[653.906]",11300.1,"[21369.2,3001.7,4887.24,1648.4]","[]","[5994.09]","[]"
48798,284500,890907,364140,1,1.76249,2.92375e+06,0.619412,1,1,1,1,1.00044,1,1,1,0,0,1,"[0]","[1]","[104064]","[-0.186292]","[-1.52699]","[105875]","[0.118505]","[-1]","[11]","[0]","[0]","[4452.8]","[0.218205]","[32.3058]",210779,-1.53223,5,"[324637,104424,78675.1,29137.2,27241.1]","[-0.55001,-0.783055,1.87207,-0.974534,1.48429]","[1.79899,-1.86978,0.552173,0.483101,2.18933]","[375816,139415,262051,44307,63472.4]","[0.994067,0.998834,0.990107,1,0.96827]","[5,15,0,5,0]","[0,1,0,0,0]","[0.99667,-0.866624,-0.138116,0.969854,-0.853539]",0,"[]","[]","[]","[]","[]","[]","[]","[]","[]","[]",1,"[325259]","[-0.56363]","[1.80384]","[378661]","[16393.7]","[0]","[4.02694]","[0.489112]",0,"[]","[]","[]","[]","[]","[]","[]","[]","[]","[]",0,"[869.291]",5310.81,"[4605.84,2166.84,4392.53,7004.68,2031.72]","[]","[8679.97]","[]"
49659,284500,923129,364140,1,1.76249,2.92375e+06,1.22586,1,0.99322,1,1,0.992495,0.744681,1,0,1,0,1,"[0]","[1]","[32994.5]","[0.106536]","[-2.5508]","[33182.1]","[-0.00337601]","[-1]","[13]","[1]","[0]","[-715.429]","[-0.0357712]","[3.22425]",105590,-2.69581,8,"[318437,236057,28061.7,25014.2,22839.6,22374.2,21645.6,20337.5]","[-2.11348,-0.10861,-1.42147,-1.60127,-2.27557,-1.17785,-0.771101,-1.89414]","[1.34943,-1.7285,-1.79569,-0.218887,0.711146,-0.440392,0.798605,0.253198]","[1.33722e+06,237804,61628.3,64653.1,112430,39902.8,28600.8,69225.7]","[1,1,1,1,0.99,0.997136,0.931855,0.997662]","[0,0,15,0,0,0,0,0]","[0,0,1,0,0,0,0,0]","[-0.803871,-0.736087,-0.948453,0.691466,-0.790607,-0.943662,-0.900925,-0.871844]",0,"[]","[]","[]","[]","[]","[]","[]","[]","[]","[]",1,"[254199]","[-0.091141]","[-1.72498]","[255535]","[11945.7]","[0]","[1.68705]","[0.181152]",0,"[]","[]","[]","[]","[]","[]","[]","[]","[]","[]",0,"[90.8645]",27336,"[11063.4,4442.76,4178.79,2549.96,3397.58,1613.25,1996.27,1125.6]","[]","[0]","[]"
49940,284500,2068682,364140,1,1.76249,2.92375e+06,1.22586,0.97738,1,1,1,0.997858,1.00056,1,1,0,0,1,"[0]","[1]","[61798.1]","[0.57808]","[-0.901355]","[72414.6]","[0.0835857]","[1]","[11]","[1]","[0]","[121.839]","[-0.0253534]","[0.756454]",24176.2,-0.58375,3,"[345500,231690,35713.7]","[-0.57107,-0.0623743,-0.652215]","[2.05193,-1.13826,-1.48284]","[403664,232255,43797.6]","[0.992514,0.993848,0.999084]","[0,0,15]","[0,0,1]","[-0.822292,-0.927212,-0.908457]",0,"[]","[]","[]","[]","[]","[]","[]","[]","[]","[]",2,"[344237,338029]","[-0.586133,-0.00540976]","[2.05119,-1.12527]","[405183,359781]","[9090.56,123188]","[0,0]","[121.976,1.90521]","[0.0231827,0.180048]",0,"[]","[]","[]","[]","[]","[]","[]","[]","[]","[]",0,"[134.135]",1895.72,"[4112.25,2811.04,5038.06]","[]","[1388.22,25642.1]","[]"
50344,284500,1787010,364140,1,1.76249,2.92375e+06,0.923924,0.97553,1,1,1,0.996619,1.01265,1,1,0,0,1,"[0]","[1]","[93261.7]","[1.75768]","[2.32408]","[278453]","[-0.0329952]","[1]","[11]","[1]","[0]","[3095.85]","[-0.0536665]","[6.86432]",230290,2.58155,6,"[359990,79306.2,31151,27058,25763.8,24930.2]","[-1.14743,0.414312,-2.37794,1.26389,-0.238217,-0.534527]","[-0.975523,1.75961,-0.644465,2.73704,0.639647,-2.47885]","[626288,86899.8,169448,51790.9,27112.9,28896]","[1,0.986996,0.997373,0.988728,0.790928,0.98825]","[0,0,0,15,0,0]","[0,0,0,1,0,0]","[-0.554132,-0.872202,-0.00230285,0.238489,-0.901013,-0.909628]",0,"[]","[]","[]","[]","[]","[]","[]","[]","[]","[]",1,"[352088]","[-1.16325]","[-0.952519]","[620610]","[52248.1]","[0]","[1.65558]","[0.718394]",0,"[]","[]","[]","[]","[]","[]","[]","[]","[]","[]",0,"[843.576]",6427.11,"[12941.2,5470.92,3270.38,2416.63,1843.31,1906.04]","[]","[3493.56]","[]"
50702,284500,2771403,364140,1,1.76249,2.92375e+06,1.25133,0.98089,1,1,1,0.994701,0.99866,1,1,0,0,1,"[0]","[1]","[222685]","[-0.819907]","[0.890857]","[301823]","[0.0104351]","[1]","[11]","[1]","[0]","[5698.42]","[0.00839272]","[1.18731]",128577,0.569894,3,"[484913,29571.6,21256.1]","[-0.316085,1.59064,-1.71265]","[-2.39055,-1.5028,-2.05966]","[509484,75813.6,60894.4]","[0.950931,0.998105,0.888495]","[0,0,0]","[0,0,0]","[-0.932382,-0.594353,-0.840359]",0,"[]","[]","[]","[]","[]","[]","[]","[]","[]","[]",2,"[478221,421446]","[-0.309717,-0.951508]","[-2.3919,0.803452]","[501386,632105]","[6694.57,79676.4]","[0,0]","[0,0.213581]","[-1,0.364754]",0,"[]","[]","[]","[]","[]","[]","[]","[]","[]","[]",0,"[3449.53]",13462.9,"[10058.1,1893.69,1667.26]","[]","[3497.44,10533.5]","[]"
55122,284500,1137896,364140,1,1.76249,2.92375e+06,0.619412,1,0.995034,1,1,1.03935,0.820029,1,0,1,0,1,"[0]","[1]","[175338]","[0.0446349]","[2.01964]","[175513]","[-0.00162125]","[-1]","[13]","[1]","[0]","[-848.53]","[-0.0597402]","[11.8047]",474546,2.13477,8,"[440987,87036,83805.5,48577.2,47803.9,43353.8,30054.3,20511.7]","[1.27889,-0.398211,-0.807652,0.952248,2.44127,1.93004,-1.39233,2.13952]","[-0.797361,-1.27531,-1.88588,0.244867,-2.19621,-1.45896,1.97919,-1.07168]","[854964,94455.7,113775,72934.2,276704,152750,64314.4,88388]","[0.997506,0.963444,0.99155,0.990175,0.997495,0.998392,0.994761,0.994016]","[0,0,5,0,0,0,0,0]","[0,0,0,0,0,0,0,0]","[-0.805862,-0.887016,0.982584,-0.849432,-0.833336,-0.91764,-0.860321,-0.712011]",0,"[]","[]","[]","[]","[]","[]","[]","[]","[]","[]",1,"[445514]","[1.27581]","[-0.796143]","[861094]","[43032.4]","[0]","[1.46553]","[0.612306]",0,"[]","[]","[]","[]","[]","[]","[]","[]","[]","[]",0,"[2383.71]",2110,"[10696.9,5810.29,4484.89,2312.34,2540.03,3047.15,2982.79,2602.9]","[]","[16040.7]","[]"
55581,284500,375995,364140,1,1.76249,2.92375e+06,0.738662,1,0.99005,1,1,0.995946,0.923924,1,0,1,0,1,"[0]","[1]","[238608]","[-0.143133]","[-1.15955]","[241057]","[0.0511951]","[-1]","[13]","[1]","[0]","[329.276]","[0.00182351]","[0.359926]",170155,-1.13317,4,"[484005,124265,36231.4,23467.4]","[0.927168,-0.671961,-0.0931845,-0.663734]","[1.81081,-2.2234,-2.46247,1.33744]","[707928,154424,36991.3,29358.9]","[0.992174,0.999319,0.960052,0.602724]","[0,0,0,0]","[0,0,0,0]","[-0.824241,-0.925543,-0.687559,-0.506785]",0,"[]","[]","[]","[]","[]","[]","[]","[]","[]","[]",1,"[487844]","[0.941722]","[1.81458]","[720839]","[17331.2]","[0]","[2.07577]","[0.0263426]",0,"[]","[]","[]","[]","[]","[]","[]","[]","[]","[]",0,"[32705.8]",2856.69,"[9869.05,9862.21,2084.89,1732.67]","[]","[8588.09]","[]"
57049,284500,609385,364140,-1,1.76249,2.92375e+06,0.75088,1,0.989965,1,1,0.997673,0.832276,1,0,1,0,2,"[0,0]","[1,1]","[181750,74268.1]","[-0.928946,-0.603122]","[-2.17497,-2.14249]","[265974,88190.4]","[-0.0340729,0.0739517]","[-1,1]","[13,13]","[1,1]","[0,0]","[-117.275,-808.179]","[0.0361245,0.0262116]","[7.01124,4.75292]",300320,-2.18653,1,"[545317]","[-0.966326]","[0.952533]","[821306]","[1]","[0]","[0]","[-0.869616]",0,"[]","[]","[]","[]","[]","[]","[]","[]","[]","[]",1,"[536966]","[-0.939261]","[0.955009]","[792579]","[36053.8]","[0]","[2.21828]","[0.561383]",0,"[]","[]","[]","[]","[]","[]","[]","[]","[]","[]",0,"[14262.5,1697.72]",4360.19,"[8281.97]","[]","[10666.6]","[]"
57705,284500,1931269,364140,2.18576,1.76249,2.92375e+06,1.26459,1,0.998308,1,1,0.997845,0.994982,1,0,1,0,1,"[0]","[1]","[51589.3]","[-2.3848]","[-2.65329]","[282426]","[-0.0182648]","[-1]","[13]","[1]","[0]","[617.315]","[-0.00634007]","[0.766209]",8132.56,-2.18891,4,"[334158,245938,80307.4,61708.6]","[0.728115,-0.68173,0.503735,1.9081]","[0.402997,-2.8148,-2.99294,-0.140906]","[427359,305975,91390.7,212691]","[0.995566,0.994238,0.955413,0.998316]","[0,0,0,0]","[0,0,0,0]","[-0.593796,-0.885797,-0.937845,-0.839369]",0,"[]","[]","[]","[]","[]","[]","[]","[]","[]","[]",1,"[331739]","[0.75192]","[0.405657]","[430540]","[21142.8]","[0]","[2.00222]","[0.609761]",0,"[]","[]","[]","[]","[]","[]","[]","[]","[]","[]",0,"[663.917]",1658.18,"[3614.27,6318.59,2217.66,9588.59]","[]","[34498.9]","[]"
58250,284500,1389909,364140,1,1.76249,2.92375e+06,1.26459,1,0.987428,1,1,0.998125,0.875311,1,0,1,0,2,"[0,0]","[1,0]","[43831.7,23183.1]","[-0.374641,1.02882]","[-3.038,-2.84563]","[46943.9,36573.8]","[-0.0885506,0.0174561]","[-1,1]","[13,13]","[1,1]","[0,0]","[-215.142,88.3978]","[0.0990161,0.0240304]","[15.8488,2.11157]",52633,3.10661,3,"[219803,50259.9,42578.1]","[0.0357479,0.621797,1.63117]","[-0.458937,-0.684851,-2.35193]","[220182,60888.6,113056]","[0.996721,0.973072,0.981701]","[0,0,0]","[0,0,0]","[-0.869567,-0.936914,-0.897483]",0,"[]","[]","[]","[]","[]","[]","[]","[]","[]","[]",1,"[250823]","[0.129899]","[-0.473016]","[258930]","[55363.7]","[0]","[0.931081]","[0.0753366]",0,"[]","[]","[]","[]","[]","[]","[]","[]","[]","[]",0,"[551.775,32.7973]",359.223,"[8285.63,4713.25,6962.38]","[]","[0]","[]"
58463,284500,1694689,364140,1,1.76249,2.92375e+06,0.738662,0.98413,1,1,1,0.988458,0.99866,1,1,0,0,1,"[0]","[1]","[85852.4]","[-0.825669]","[0.703511]","[116817]","[0.00931168]","[-1]","[11]","[1]","[2308.83]","[-337.196]","[-0.0541802]","[4.78494]",179085,0.654811,10,"[380081,98182.1,48301.3,34105.5,30610.2,26284.5,22517.9,22299.4,20533.2,20140.7]","[-1.24854,-1.13934,-0.997401,0.76302,-0.196207,-1.08331,0.491052,-1.08252,0.572124,2.36362]","[-2.79482,0.253781,-0.655554,-0.993927,0.437566,2.40865,-1.52524,-1.82642,2.48211,0.4914]","[717485,169191,74888.6,45309.6,31689,43414.6,25851.2,36782.7,24457.8,108079]","[1,0.99,0.982816,0.994554,0.941954,0.986868,0.997331,0.998213,0.98,0.993044]","[0,15,0,0,0,0,0,0,0,0]","[0,1,0,0,0,0,0,0,0,0]","[-0.823542,-0.98432,-0.832313,-0.934839,-0.895701,-0.906071,-0.786937,0.583246,-0.90505,-0.490364]",0,"[]","[]","[]","[]","[]","[]","[]","[]","[]","[]",1,"[392853]","[-1.25688]","[-2.78935]","[746512]","[20903.2]","[0]","[2.13113]","[0.568314]",0,"[]","[]","[]","[]","[]","[]","[]","[]","[]","[]",0,"[743.139]",17550.5,"[6000.15,8219.98,6904.6,6470.27,4887.68,1733.07,3172.05,2400.38,1139.91,1100.71]","[]","[17578.9]","[]"
59031,284500,226050,364140,1,1.76249,2.92375e+06,0.738662,0.907137,1,1,1,0.951231,0.99866,1,1,0,0,2,"[0,0]","[1,0]","[150292,15951.6]","[-0.996867,-0.427854]","[-1.70468,-1.60377]","[231361,17434]","[-0.00671387,-0.0160828]","[1,-1]","[11,11]","[1,1]","[0,0]","[-1352.69,826.388]","[-0.0237666,0.0177546]","[3.26715,1.65464]",247602,-1.51285,5,"[510033,127589,113028,34152.3,32744.8]","[-0.690724,-2.35488,-0.509596,0.93907,1.79133]","[0.850239,-2.75562,2.33917,-2.1543,3.13755]","[637488,678595,129017,50739,101103]","[0.99892,0.992389,0.999615,0.994985,0.976268]","[0,0,0,5,5]","[0,0,0,0,0]","[-0.650385,-0.910573,-0.443793,0.31658,0.996492]",0,"[]","[]","[]","[]","[]","[]","[]","[]","[]","[]",1,"[491427]","[-0.657275]","[0.843714]","[602222]","[30382.4]","[0]","[1.64115]","[0.0050594]",0,"[]","[]","[]","[]","[]","[]","[]","[]","[]","[]",0,"[1447.61,59.744]",9006.47,"[9635.37,3346.16,2756.83,3060.14,2666.35]","[]","[33426.9]","[]"
59450,284500,1685495,364140,1,1.76249,2.92375e+06,0.596562,0.9655,1,1,1,0.994084,1.00002,1,1,0,0,1,"[0]","[1]","[31931]","[0.340305]","[-1.99578]","[33797.8]","[0.157791]","[-1]","[11]","[1]","[1105.36]","[-255.892]","[-0.00354171]","[0.31563]",38427.5,-1.20505,4,"[350790,157588,97315.2,44970.3]","[-1.81011,-1.30468,-0.856173,-0.372731]","[1.33967,-1.82403,-1.75669,-2.17958]","[1.10079e+06,312050,135307,48229.7]","[0.993019,0.774439,1,0.996092]","[0,0,15,0]","[0,0,1,0]","[-0.811156,-0.892055,0.375097,-0.925439]",0,"[]","[]","[]","[]","[]","[]","[]","[]","[]","[]",2,"[338188,276144]","[-1.83327,-1.07966]","[1.34156,-1.8519]","[1.08478e+06,463687]","[19504.8,97393.6]","[0,0]","[2.84568,1.2765]","[0.412715,0.276003]",0,"[]","[]","[]","[]","[]","[]","[]","[]","[]","[]",0,"[331.47]",4692.57,"[7439.38,2963.75,8775.42,2817.94]","[]","[2279.19,2881.41]","[]"
60188,284500,487902,364140,1,1.76249,2.92375e+06,1.1961,1,0.998822,1,1,0.99488,0.99692,1,0,1,0,1,"[0]","[1]","[56329.9]","[1.20267]","[-3.12235]","[102221]","[0.00308228]","[1]","[13]","[1]","[342832]","[426.342]","[0.0196988]","[2.92013]",209247,-2.94377,3,"[586146,167383,26523.6]","[0.654791,0.234924,0.179001]","[0.230586,0.0245378,0.612873]","[717474,173752,27522.9]","[0.986686,0.987888,0.996763]","[0,0,0]","[0,0,0]","[-0.669765,-0.84574,-0.760719]",0,"[]","[]","[]","[]","[]","[]","[]","[]","[]","[]",2,"[774261,491223]","[0.5393,0.968265]","[0.178196,-2.91576]","[904947,740112]","[165893,9133.89]","[0,0]","[1.38681,2.9047]","[0.74379,0.142823]",0,"[]","[]","[]","[]","[]","[]","[]","[]","[]","[]",0,"[320.892]",18415.2,"[11265.7,2299.11,1959.67]","[]","[32364.2,3735.81]","[]"
60622,284500,1694186,364140,1,1.76249,2.92375e+06,0.596562,1,0.99208,1,1,0.992697,0.994142,1,0,1,0,1,"[0]","[1]","[27564.8]","[-1.21759]","[1.48815]","[50650.1]","[0.106038]","[1]","[13]","[1]","[0]","[-402.248]","[-0.0115569]","[1.21159]",19816.9,2.93318,4,"[354283,269216,123463,65001.7]","[-1.70325,0.0652397,0.657888,-1.64744]","[-2.03648,0.64795,1.43499,-2.99473]","[1.00535e+06,271644,151635,175155]","[0.990495,0.977828,0.995936,1]","[0,0,0,15]","[0,0,0,1]","[-0.616336,-0.528579,-0.910046,-0.920042]",0,"[]","[]","[]","[]","[]","[]","[]","[]","[]","[]",2,"[366195,379028]","[0.272058,-1.74806]","[0.875085,-2.16734]","[428681,1.13088e+06]","[198737,145665]","[0,0]","[0.775831,0.952698]","[0.537973,0.760644]",0,"[]","[]","[]","[]","[]","[]","[]","[]","[]","[]",0,"[117.01]",300.191,"[9378.75,6484.6,3610.92,2515.44]","[]","[48546,11677.3]","[]"
62911,284500,1084375,364140,1,1.76249,2.92375e+06,0.923924,1,0.997345,1,1,0.954303,0.972706,1,0,1,0,1,"[0]","[1]","[95115]","[-0.25901]","[0.0895415]","[98323.4]","[-0.0721474]","[1]","[13]","[1]","[0]","[-193.9]","[-0.0848218]","[15.0942]",185287,0.196584,6,"[465024,345670,39665.2,30616.8,22475.1,21031.3]","[0.691167,-1.23116,0.0715912,-0.43959,-2.48251,-0.537101]","[2.19579,-1.79597,-0.973594,-0.471416,-0.779098,-1.36611]","[581320,642680,40313.7,33839.1,135563,24441]","[0.99947,0.999896,1,0.991064,0,0.999413]","[0,0,4,0,0,4]","[0,0,0,0,0,0]","[-0.841108,-0.855574,-0.499373,0.000237512,-0.590262,-0.253723]",0,"[]","[]","[]","[]","[]","[]","[]","[]","[]","[]",2,"[467475,332118]","[0.689686,-1.23831]","[2.19529,-1.79798]","[583400,621117]","[17591.1,11832.2]","[0,0]","[2.86732,3.5299]","[0.553623,0.0906579]",0,"[]","[]","[]","[]","[]","[]","[]","[]","[]","[]",0,"[4707.33]",2894.08,"[19199,18883.5,3220.24,1854.37,1643.67,1408.43]","[]","[25280.9,22533.7]","[]"
65275,284500,516122,364140,1,1.76249,2.92375e+06,1.32095,1,0.993424,1,1,0.926837,0.90898,1,0,1,0,1,"[0]","[1]","[172774]","[0.455266]","[2.31245]","[190991]","[0.0850601]","[-1]","[13]","[1]","[0]","[90.0191]","[0.0436852]","[9.7617]",73016.1,-3.13906,5,"[350445,212914,95584.9,49435.5,47274.8]","[-1.44633,-0.266858,-0.491467,0.114753,0.621034]","[-0.910009,2.60071,-0.304128,0.563885,0.844773]","[786056,221501,108232,50392,56964]","[0.98091,0.941997,0.999847,0.990244,0.985254]","[0,4,0,0,4]","[0,0,0,0,0]","[-0.891643,-0.0463968,-0.807903,-0.858548,-0.716508]",0,"[]","[]","[]","[]","[]","[]","[]","[]","[]","[]",1,"[360248]","[-1.45171]","[-0.913262]","[812578]","[44002.6]","[0]","[2.49167]","[0.491486]",0,"[]","[]","[]","[]","[]","[]","[]","[]","[]","[]",0,"[5197.17]",3113.42,"[5832.82,2037.84,5910.98,3385.49,3581.49]","[]","[4354.66]","[]"
67279,284500,2089292,364140,1.5204,1.76249,2.92375e+06,0.553627,0.97209,1,1,1,0.996414,0.99756,1,1,0,0,1,"[0]","[1]","[75235.9]","[0.0892814]","[1.38565]","[75536]","[-0.111984]","[-1]","[11]","[1]","[0]","[-987.812]","[0.246844]","[29.5926]",335838,1.49562,4,"[231876,60968.9,33084.2,24435.9]","[-1.44407,0.382545,0.702024,-2.46567]","[-0.706965,-1.55269,1.02969,0.476276]","[519076,66313.8,41790.6,144973]","[0.98473,0.772216,0.993971,0.367263]","[0,0,15,0]","[0,0,1,0]","[-0.464428,-0.932683,-0.941438,-0.593625]",0,"[]","[]","[]","[]","[]","[]","[]","[]","[]","[]",1,"[344502]","[-0.415721]","[-2.3822]","[376048]","[31785.3]","[0]","[8.08574]","[0.626393]",0,"[]","[]","[]","[]","[]","[]","[]","[]","[]","[]",0,"[662.021]",16357.9,"[10470.4,5547.45,2149.52,4630.03]","[]","[16421.9]","[]"
68348,284500,1484349,364140,1.02734,1.76249,2.92375e+06,1.1961,1,0.995324,1,1,0.970051,0.923452,1,0,1,0,1,"[0]","[1]","[44452.5]","[0.597159]","[1.66875]","[52616.8]","[-0.441753]","[1]","[13]","[1]","[0]","[-574.573]","[0.125249]","[16.243]",69545.8,1.49622,5,"[283282,163308,49783.8,31519.2,25805.7]","[0.840148,-0.754153,1.60679,0.682715,-0.855989]","[-1.62842,1.48449,1.2282,-1.06348,-2.94939]","[389827,213247,129186,39338.3,36126.6]","[1,0.993659,0.997845,0.990239,0.972628]","[0,0,15,4,0]","[0,0,1,0,0]","[-0.814227,-0.955488,-0.957156,-0.845264,-0.881443]",0,"[]","[]","[]","[]","[]","[]","[]","[]","[]","[]",1,"[327641]","[0.86122]","[-1.57518]","[461470]","[65168.9]","[0]","[2.25497]","[0.697573]",0,"[]","[]","[]","[]","[]","[]","[]","[]","[]","[]",0,"[160.873]",2185.78,"[6733.1,10865.1,5655.69,2803.75,4600.35]","[]","[7320.12]","[]"
71471,284500,1515023,364140,1,1.76249,2.92375e+06,0,1,0.997141,1,1,0.993675,0.995972,1,0,1,0,1,"[0]","[1]","[222991]","[1.2944]","[-1.82044]","[437382]","[-0.0038681]","[-1]","[13]","[1]","[0]","[423.966]","[-0.0114188]","[1.80357]",56405.1,-0.897955,5,"[558147,188419,139333,34118.7,23117.6]","[1.95025,1.82726,1.22219,-0.406566,0.847375]","[1.06303,-2.15689,-2.24224,2.98654,2.05763]","[2.00396e+06,601309,257358,37728.7,32239.8]","[1,0.999486,0.971325,0.977922,0.994186]","[0,0,0,0,0]","[0,0,0,0,0]","[-0.0944404,-0.461927,0.45306,-0.746426,-0.75559]",0,"[]","[]","[]","[]","[]","[]","[]","[]","[]","[]",2,"[534094,324717]","[1.97306,1.61407]","[1.07354,-2.20367]","[1.95989e+06,854218]","[88376.2,103847]","[0,0]","[1.19787,0.856985]","[0.579411,0.829054]",0,"[]","[]","[]","[]","[]","[]","[]","[]","[]","[]",0,"[16915.9]",1331.53,"[12152.2,4673.36,6381.03,4304.3,3531.54]","[]","[16255.8,20495]","[]"
71496,284500,1450166,364140,1.53284,1.76249,2.92375e+06,0.596562,0.98089,1,1,1,0.991458,0.99866,1,1,0,0,1,"[0]","[1]","[319142]","[-1.12433]","[1.03371]","[543022]","[-0.0542622]","[-1]","[11]","[1]","[0]","[239.681]","[0.00506077]","[0.401837]",28949.2,1.07962,10,"[362161,126506,36942,35592.4,31933.9,30011.7,29823.9,28834.9,24737.4,22883.8]","[-0.844473,1.43071,1.33917,0.0915424,-0.0508055,1.42644,-0.689522,0.87295,0.529708,1.91474]","[-2.35153,0.676533,-0.001892,-2.23264,-1.75081,-0.948864,0.570037,-2.46082,-1.24996,2.42518]","[499657,280179,75583.6,35972.9,32001.7,66259.2,37432.6,41196.4,28567.4,79443.9]","[0.988836,1,0.99,0.985652,0.939941,1,0.99562,0.962064,0.917527,0.977707]","[0,0,0,0,0,0,15,0,0,0]","[0,0,0,0,0,0,1,0,0,0]","[-0.910365,-0.811466,-0.915453,-0.856174,-0.837874,-0.86051,0.626794,-0.810856,-0.756962,-0.689328]",0,"[]","[]","[]","[]","[]","[]","[]","[]","[]","[]",2,"[430705,358876]","[-0.758111,-1.09943]","[-2.31288,1.00221]","[584122,602805]","[164372,71758.2]","[0,0]","[1.75628,1.33958]","[0.469927,0.440861]",0,"[]","[]","[]","[]","[]","[]","[]","[]","[]","[]",0,"[4263]",14595.3,"[5103.57,7063.11,2902.77,3038.76,2051.92,2880.2,2687.23,2520.07,1744.37,1682.18]","[]","[1302.19,14888.5]","[]"
73239,284500,1296530,364140,1,1.76249,2.92375e+06,1.22586,0.97921,1,1,1,0.997638,1.00192,1,1,0,0,1,"[0]","[1]","[61098.6]","[-0.56379]","[2.60893]","[71069]","[-0.0141068]","[-1]","[11]","[1]","[0]","[489.178]","[0.0238601]","[2.78274]",121549,2.30042,4,"[363855,97586.5,68745.2,33620.4]","[-1.44064,-1.059,0.894549,-0.402975]","[-0.766101,2.56045,2.40291,1.43665]","[811960,158277,98248,36555]","[1,1,0.95669,1]","[0,0,0,15]","[0,0,0,1]","[-0.925167,-0.960056,-0.946634,0.697291]",0,"[]","[]","[]","[]","[]","[]","[]","[]","[]","[]",1,"[355704]","[-1.45558]","[-0.773508]","[804842]","[38244.2]","[0]","[2.13282]","[0.820912]",0,"[]","[]","[]","[]","[]","[]","[]","[]","[]","[]",0,"[655.715]",20215.3,"[8844.8,6641.66,4682.69,4525.71]","[]","[9541.31]","[]"
75089,284500,1173380,364140,1,1.76249,2.92375e+06,0.738662,0.97076,1,1,1,0.994244,0.95972,1,1,0,0,1,"[0]","[1]","[56574.7]","[-1.00713]","[-1.43356]","[87775.5]","[0.0188856]","[-1]","[11]","[1]","[0]","[2170.92]","[-0.0189873]","[1.75734]",99907.4,-0.763657,5,"[133343,75412,37387.9,29209.7,25476.6]","[-0.804216,1.17282,-0.55542,0.792481,1.81339]","[-0.710274,-1.44234,-0.318856,2.41897,-1.73181]","[179313,133633,43776.8,39102.5,80325.1]","[1,1,0.946863,0.782955,0.992942]","[0,0,15,0,0]","[0,0,1,0,0]","[-0.890653,-0.943758,0.407171,-0.948064,-0.500232]",0,"[]","[]","[]","[]","[]","[]","[]","[]","[]","[]",1,"[337704]","[0.415399]","[2.14335]","[372206]","[60463.5]","[0]","[2.48651]","[0.506256]",0,"[]","[]","[]","[]","[]","[]","[]","[]","[]","[]",0,"[271.266]",32780.8,"[3172.55,6611.94,5415.67,2844.96,2775.53]","[]","[9021.62]","[]"
75450,284500,275343,364140,1,1.76249,2.92375e+06,0.696077,0.9364,1,1,1,1.0042,0.8297,1,1,0,0,1,"[0]","[1]","[29624.6]","[2.05807]","[-1.77174]","[117884]","[0.372799]","[-1]","[11]","[1]","[0]","[722.734]","[0.0466082]","[1.76629]",39367.5,-2.57322,4,"[276033,187340,173383,108582]","[-0.911608,-0.29281,0.79776,0.00120682]","[-0.457571,2.43431,-3.00262,0.535616]","[399924,197850,231991,109266]","[1,1,1,0.993077]","[0,0,5,0]","[0,0,0,0]","[-0.987003,-0.875608,0.999108,-0.576853]",0,"[]","[]","[]","[]","[]","[]","[]","[]","[]","[]",1,"[265427]","[-0.971183]","[-0.475795]","[401767]","[28487.7]","[0]","[3.05704]","[0.471777]",0,"[]","[]","[]","[]","[]","[]","[]","[]","[]","[]",0,"[82.1315]",9205.81,"[7714.59,2273.78,1543.21,6031.36]","[]","[11437]","[]"
76874,284500,2875261,364140,1,1.76249,2.92375e+06,1.74563,1,0.972428,1,1,1.00107,0.842727,1,0,1,0,1,"[0]","[1]","[56954.4]","[-0.473693]","[-1.17343]","[63464.7]","[0.0126114]","[-1]","[13]","[1]","[2287.56]","[-307.518]","[-0.0296042]","[3.22953]",145186,-1.15463,4,"[231480,184223,35904.2,21937]","[0.19794,-0.164609,-0.223067,0.557305]","[2.31316,-0.823229,2.03914,-0.154652]","[237241,187174,36996.4,25681.4]","[0.983652,0.76531,0.977512,0.98]","[0,0,0,15]","[0,0,0,1]","[-0.958731,-0.85089,-0.903113,-0.476421]",0,"[]","[]","[]","[]","[]","[]","[]","[]","[]","[]",1,"[259874]","[0.176955]","[2.28146]","[269612]","[54943.5]","[0]","[1.80693]","[0.766179]",0,"[]","[]","[]","[]","[]","[]","[]","[]","[]","[]",0,"[809.621]",22317.5,"[3387.55,10457.5,2624.74,1683.51]","[]","[5317.34]","[]"
77263,284500,1938154,364140,1,1.76249,2.92375e+06,0.923924,1,0.997105,1,1,0.996948,0,1,0,1,0,1,"[0]","[1]","[25171.3]","[-0.404145]","[0.631056]","[27255.3]","[0.00935555]","[1]","[13]","[1]","[0]","[2861.14]","[0.0190559]","[1.54468]",19557.5,-0.153257,3,"[290595,39471.2,23225.4]","[0.948511,-0.81157,0.159012]","[-2.78359,-1.63454,-0.0692669]","[432257,53686.7,23964.4]","[0.99579,0.985861,0.596981]","[0,15,0]","[0,1,0]","[-0.744648,-0.519369,-0.773338]",0,"[]","[]","[]","[]","[]","[]","[]","[]","[]","[]",1,"[298825]","[0.944134]","[-2.7795]","[443225]","[30101.1]","[0]","[2.26301]","[0.688776]",0,"[]","[]","[]","[]","[]","[]","[]","[]","[]","[]",0,"[51.456]",4248.88,"[13786.6,3777.1,1359.19]","[]","[12399.3]","[]"
78360,284500,2106994,364140,1,1.76249,2.92375e+06,0.596562,1,1.00077,1,1,0.996338,1.02752,1,0,1,0,1,"[0]","[1]","[46756.4]","[1.4155]","[-0.12718]","[101961]","[0.0470524]","[1]","[13]","[1]","[1322.67]","[-462.256]","[0.00389315]","[0.365576]",284522,-0.532416,3,"[458936,33688.7,27822.3]","[0.171811,-0.829413,1.85606]","[2.69593,2.14241,2.23772]","[466092,46546.6,91273]","[0.990478,0.996725,0.99]","[0,0,0]","[0,0,0]","[-0.786021,0.725222,-0.844579]",0,"[]","[]","[]","[]","[]","[]","[]","[]","[]","[]",1,"[447347]","[0.16384]","[2.69796]","[453599]","[14576.8]","[0]","[0.896447]","[0.100399]",0,"[]","[]","[]","[]","[]","[]","[]","[]","[]","[]",0,"[255.768]",7492.22,"[11375.4,4069.83,5614.67]","[]","[11934.4]","[]"
82369,284500,258407,364140,1,1.76249,2.92375e+06,0.738662,1,0.987915,1,1,0.993136,1.00962,1,0,1,0,1,"[0]","[1]","[42305.9]","[-1.72033]","[2.42298]","[121955]","[-0.0134082]","[-1]","[13]","[1]","[1341.65]","[337.64]","[0.0411438]","[5.0564]",19839.2,2.27813,4,"[300011,176860,99473.2,38045.9]","[1.25312,-1.93619,-1.29677,0.541268]","[-0.0187618,2.90133,-2.71429,-1.1957]","[569607,625905,195570,44289.3]","[0.98727,0.999398,0.997095,1]","[0,0,15,0]","[0,0,1,0]","[-0.483485,-0.951623,-0.890851,-0.293346]",0,"[]","[]","[]","[]","[]","[]","[]","[]","[]","[]",2,"[293854,272074]","[1.25547,-1.7866]","[-0.0262982,-3.13825]","[558818,846207]","[38323.9,138410]","[0,0]","[1.25194,0.432247]","[0.767933,0.780943]",0,"[]","[]","[]","[]","[]","[]","[]","[]","[]","[]",0,"[86.3883]",623.711,"[6499.34,3162.51,7780.49,2449.16]","[]","[1317.91,4761.12]","[]"
82556,284500,437233,364140,1,1.76249,2.92375e+06,0.619412,1,0.993432,1,1,1.00015,0.920816,1,0,1,0,1,"[0]","[1]","[42538.4]","[-0.656813]","[-2.56771]","[52048.7]","[-0.0110703]","[-1]","[13]","[1]","[0]","[-278.351]","[-0.0781939]","[10.3046]",207176,-2.73621,5,"[318720,158187,57476,25782.2,21189.5]","[0.00661405,0.571692,-0.413018,0.349135,0.0671535]","[0.951449,-1.90283,0.0499684,-0.541103,-1.60091]","[319494,185349,63216.9,27771.6,21811.8]","[0.99998,0.994098,0.997774,0.952274,0.7795]","[0,0,0,0,15]","[0,0,0,0,1]","[-0.895171,-0.891248,-0.872427,-0.440903,-0.251143]",0,"[]","[]","[]","[]","[]","[]","[]","[]","[]","[]",1,"[360957]","[-0.0529853]","[0.840588]","[382092]","[123848]","[0]","[1.54186]","[0.663759]",0,"[]","[]","[]","[]","[]","[]","[]","[]","[]","[]",0,"[268.926]",22499.9,"[9890.05,2638.14,2025.88,2049.93,1642.78]","[]","[8508.03]","[]"
85405,284500,2147641,364140,1.78153,1.76249,2.92375e+06,1.32095,1,0.996017,1,1,0.99795,0.925018,1,0,1,0,1,"[0]","[1]","[65819.7]","[-0.282973]","[2.51099]","[68472.7]","[-0.0199738]","[-1]","[13]","[1]","[0]","[-542.028]","[-0.012472]","[1.4192]",82740.2,2.45216,3,"[313703,49893.7,42989.9]","[-0.104739,1.85185,1.40438]","[0.335388,1.74428,2.13512]","[318312,163114,93139.2]","[0.99506,0.99561,0.983554]","[0,0,0]","[0,0,0]","[-0.701253,-0.897033,-0.918817]",0,"[]","[]","[]","[]","[]","[]","[]","[]","[]","[]",2,"[347887,296958]","[1.04148,-0.102933]","[-2.07471,0.338341]","[554474,300850]","[16017.9,37266.3]","[0,0]","[4.31851,1.45441]","[0.326531,0.707597]",0,"[]","[]","[]","[]","[]","[]","[]","[]","[]","[]",0,"[559.019]",2297.24,"[3819.95,3364.17,2261.53]","[]","[18633.9,8173.03]","[]"
86159,284500,1232458,364140,1.05898,1.76249,2.92375e+06,1.26205,0.96024,1,1,1,0.9978,0.93884,1,1,0,0,1,"[0]","[1]","[50085.2]","[1.2818]","[1.22794]","[97181.8]","[-0.00996399]","[1]","[11]","[1]","[0]","[396.6]","[-0.0159376]","[1.8722]",54163.7,-2.59698,3,"[342802,286953,35885.6]","[1.01426,-0.881611,0.953167]","[-0.389309,2.74198,-2.35987]","[535397,406364,53644.1]","[0.897142,0.996223,0.926404]","[0,0,15]","[0,0,1]","[-0.799267,-0.760697,0.0765345]",0,"[]","[]","[]","[]","[]","[]","[]","[]","[]","[]",2,"[327090,307594]","[1.0085,-0.891393]","[-0.387666,2.74242]","[508250,438449]","[15514.7,17326.3]","[0,0]","[2.33608,2.18073]","[0.391972,0.587413]",0,"[]","[]","[]","[]","[]","[]","[]","[]","[]","[]",0,"[277.851]",203.422,"[5779.93,5552.26,2167.31]","[]","[35306.3,4412.62]","[]"
87480,284500,1610631,364140,1,1.76249,2.92375e+06,1.21412,0.932962,1.01611,1,1,0.992112,0.98592,1,1,0,0,3,"[0,0,0]","[1,1,0]","[65572.2,51207.5,49232.2]","[-1.19513,-0.677534,0.0537093]","[2.2606,2.39914,-3.0298]","[118248,63417.5,49303.4]","[-0.0553226,0.0614395,-10.1835]","[1,-1,-1]","[11,11,13]","[1,1,0]","[0,0,0]","[-614.285,350.537,-49.7458]","[-0.0756558,-0.0130921,-5.14966]","[7.94946,1.39231,466.235]",200767,2.30052,7,"[512065,181138,76715,48820.7,30679,24855.8,22596.6]","[-1.45313,-0.322559,-1.70645,-1.67673,1.47328,-0.380484,0.332082]","[-1.08988,2.12483,0.948082,-0.543621,0.403207,-0.311505,2.16733]","[1.15667e+06,191304,218658,135257,70488.6,27185.5,24035.1]","[0.997697,0.991908,0.987815,0.961071,1,1,0.787924]","[0,0,0,0,0,0,0]","[0,0,0,0,0,0,0]","[-0.661651,-0.918902,-0.897562,-0.854478,-0.916129,-0.860392,-0.365068]",0,"[]","[]","[]","[]","[]","[]","[]","[]","[]","[]",2,"[543280,301170]","[-1.46927,-0.65739]","[-1.07213,2.19946]","[1.2464e+06,383353]","[91023.4,105237]","[0,0]","[2.13732,0.912531]","[0.699983,0.214457]",0,"[]","[]","[]","[]","[]","[]","[]","[]","[]","[]",0,"[220.44,132.949,216.941]",8307.92,"[10691.2,3910.97,9881.31,3230.05,5553.47,1839.06,1676.34]","[]","[25096.2,8812.56]","[]"
94007,284500,1052048,364140,1,1.76249,2.92375e+06,1.21412,0.93306,1,1,1,0.953666,0.94953,1,1,0,0,1,"[0]","[1]","[32590]","[-1.16905]","[-1.01123]","[57514.6]","[0.153938]","[-1]","[11]","[1]","[0]","[-493.729]","[-0.0575804]","[4.61438]",284473,-0.790453,6,"[362951,99102.6,76527.6,29883.6,26323.1,23932.6]","[0.128354,0.169933,0.452957,1.98105,-0.18281,2.20138]","[2.31989,0.819734,-1.91929,2.20036,1.36346,3.04493]","[368871,101463,84712.6,110526,27219.5,109533]","[0.992738,0.99443,0.999349,0.98159,0.998607,0.960468]","[0,4,0,0,0,0]","[0,0,0,0,0,0]","[-0.868199,-0.938501,-0.947351,-0.817875,-0.887299,-0.349313]",0,"[]","[]","[]","[]","[]","[]","[]","[]","[]","[]",1,"[371452]","[0.0930749]","[2.31803]","[377116]","[55150.6]","[0]","[1.78571]","[0.731522]",0,"[]","[]","[]","[]","[]","[]","[]","[]","[]","[]",0,"[449.278]",654.875,"[3769.37,2848.14,2026.48,2113.37,3801.88,5532.26]","[]","[36949.6]","[]"
98016,284500,2310987,364140,1.00293,1.76249,2.92375e+06,0.696077,0.97749,1,1,1,0.991926,1.00021,1,1,0,0,1,"[0]","[1]","[63937.1]","[0.722568]","[0.064688]","[81367]","[-0.00703374]","[1]","[11]","[1]","[0]","[-82.0054]","[0.00775079]","[0.889878]",77838.9,0.57923,6,"[227977,207415,88937.2,84467.5,46438.6,24471.8]","[1.05121,1.44707,1.55611,0.146854,0.884048,-0.878594]","[-1.78624,2.14099,-2.27885,0.66099,1.02524,-0.400131]","[367545,465674,220311,85457.6,66523.7,34904.8]","[0.998984,0.99413,0.99253,0.99244,0.993391,1]","[0,0,0,15,0,0]","[0,0,0,1,0,0]","[-0.885127,-0.893212,-0.781402,-0.947828,-0.173868,-0.82477]",0,"[]","[]","[]","[]","[]","[]","[]","[]","[]","[]",1,"[314044]","[1.25334]","[-1.93757]","[607071]","[121785]","[0]","[1.03308]","[0.605604]",0,"[]","[]","[]","[]","[]","[]","[]","[]","[]","[]",0,"[230.313]",6033.39,"[3567.65,4989.16,6650.11,3284.72,3443.56,2137.23]","[]","[5888.88]","[]"
98265,284500,1870324,364140,1,1.76249,2.92375e+06,1.22586,0.96825,1,1,1,0.995849,0.99461,1,1,0,0,1,"[0]","[1]","[63998.9]","[-2.0545]","[-0.463987]","[253790]","[0.0511703]","[-1]","[11]","[1]","[0]","[-321.289]","[-0.0206568]","[2.01278]",85626.1,-1.0252,6,"[350999,76681.4,73980.7,50840.7,42989.8,24758.7]","[1.08338,-1.32876,2.06266,-0.285053,0.40445,1.44856]","[2.50473,-1.71033,0.0282251,-0.985275,-0.0245414,-0.29557]","[578075,155473,295945,53390.9,46940.9,56040.7]","[0.996186,0.993872,0.976811,0.967328,0.979653,0.760481]","[0,0,0,0,0,0]","[0,0,0,0,0,0]","[-0.621046,-0.944065,-0.911104,-0.659754,-0.929855,-0.764587]",0,"[]","[]","[]","[]","[]","[]","[]","[]","[]","[]",1,"[402236]","[1.04464]","[2.50373]","[642557]","[13698.4]","[0]","[2.58811]","[0.246539]",0,"[]","[]","[]","[]","[]","[]","[]","[]","[]","[]",0,"[457.24]",15212.6,"[7971.58,2849.1,2381.91,6973.75,2167.91,6349.29]","[]","[21396.4]","[]"
100973,284500,1622264,364140,1,1.76249,2.92375e+06,1.26459,0.97577,1,1,1,0.990963,1.00531,1,1,0,0,1,"[0]","[1]","[72127.6]","[-0.0799717]","[-0.341683]","[72358.3]","[0.0447197]","[-1]","[11]","[1]","[1520.62]","[1015.07]","[0.0318565]","[4.05651]",39552,0.689076,7,"[369769,139640,138811,44797.7,35403.5,28094.9,23360.3]","[0.0288699,-2.2914,-0.928018,-2.42561,0.66018,-1.91345,-2.20481]","[-1.39298,1.44445,1.51217,0.800826,-1.42477,-2.6318,3.03008]","[370265,697788,204613,255483,43662.9,97366.9,107337]","[1,0.999964,0.997341,0.965142,0.973071,0.997808,0.964503]","[0,0,0,0,15,0,0]","[0,0,0,0,1,0,0]","[0.588086,-0.831509,-0.924293,0.0780596,0.349843,-0.617007,-0.622863]",0,"[]","[]","[]","[]","[]","[]","[]","[]","[]","[]",1,"[393978]","[0.0635242]","[-1.39185]","[400714]","[68742.1]","[0]","[2.67674]","[0.368168]",0,"[]","[]","[]","[]","[]","[]","[]","[]","[]","[]",0,"[493.157]",4599.54,"[11267.9,4140.91,2669.79,2486.33,4718.89,2235.34,2089.45]","[]","[10810.1]","[]"
101429,284500,2363054,364140,1,1.76249,2.92375e+06,1.21412,1,0.991247,1,1,0.965447,1.0281,1,0,1,0,1,"[0]","[1]","[30931.9]","[1.70786]","[0.132333]","[88131.1]","[0.130558]","[-1]","[13]","[1]","[0]","[-261.047]","[0.0441777]","[4.69384]",124670,0.0512251,7,"[188800,151587,127040,118704,95216.6,38743.7,20461.1]","[0.858253,1.24982,1.3175,-0.41028,2.15668,1.91869,1.94523]","[2.57655,-1.71594,1.96425,-2.15278,0.552906,-0.269101,-1.48458]","[263666,286597,254882,129366,417094,134953,73224]","[0.979928,0.993986,0.999785,1,0.996655,0.990477,0.982984]","[0,0,0,0,0,4,0]","[0,0,0,0,0,0,0]","[-0.909914,-0.82029,-0.966715,-0.888184,0.612109,0.331919,-0.711957]",0,"[]","[]","[]","[]","[]","[]","[]","[]","[]","[]",1,"[280095]","[1.09364]","[2.33739]","[481052]","[123327]","[0]","[0.76175]","[0.78864]",0,"[]","[]","[]","[]","[]","[]","[]","[]","[]","[]",0,"[77.9964]",1682.5,"[4948.46,3311.97,4194.62,2531.6,2526.19,1716.03,2385.87]","[]","[21645.2]","[]"
102490,284500,2363279,364140,1,1.76249,2.92375e+06,1.32095,1,0.988313,1,1,0.994998,0.794391,1,0,1,0,1,"[0]","[1]","[114239]","[0.366243]","[0.979695]","[121986]","[0.0112443]","[1]","[13]","[1]","[1473.27]","[-533.381]","[-0.0113724]","[2.35616]",73669.7,1.07838,4,"[343506,210488,161031,107022]","[-0.0239689,0.959577,-0.0875159,0.199624]","[3.13715,-1.37987,0.74449,-0.652715]","[345510,315643,161661,110581]","[0.999873,0.996913,0.976942,0.977391]","[0,0,15,0]","[0,0,1,0]","[-0.0855154,-0.975765,-0.990859,0.474227]",0,"[]","[]","[]","[]","[]","[]","[]","[]","[]","[]",1,"[341644]","[-0.0225588]","[3.14143]","[343239]","[32148.1]","[0]","[1.68656]","[0.688834]",0,"[]","[]","[]","[]","[]","[]","[]","[]","[]","[]",0,"[3158.53]",4744.57,"[12066.6,3068.73,2587.55,7465.7]","[]","[11263.9]","[]"
103711,284500,2343960,364140,1,1.76249,2.92375e+06,1.21412,0.97361,1,1,1,0.994834,1,1,1,0,0,1,"[0]","[1]","[47219.4]","[-0.22971]","[0.180014]","[48470.7]","[-0.00585938]","[-1]","[11]","[0]","[0]","[297.132]","[0.0989914]","[12.3719]",230928,-0.0966131,5,"[274656,189879,135035,87513.2,37059]","[-0.447118,0.850866,-0.735344,-2.03516,0.187113]","[2.38057,-2.66634,0.0106536,-1.19328,3.02485]","[304609,263204,173623,340745,38239.9]","[0.99,1,1,0.98331,0.974184]","[0,0,15,0,0]","[0,0,1,0,0]","[-0.867644,-0.665325,0.475824,-0.916325,-0.805292]",0,"[]","[]","[]","[]","[]","[]","[]","[]","[]","[]",1,"[283343]","[-0.428998]","[2.43276]","[318353]","[73220.4]","[0]","[2.70776]","[0.652177]",0,"[]","[]","[]","[]","[]","[]","[]","[]","[]","[]",0,"[35.3897]",3585.67,"[2941.46,2943.72,7065.42,3658.8,4841.47]","[]","[26791.8]","[]"
107673,284500,1604953,364140,1.17206,1.76249,2.92375e+06,0.619412,1,1.00236,1,1,0.988532,1.02048,1,0,1,0,1,"[0]","[1]","[41758.8]","[1.5618]","[0.191798]","[103921]","[-0.0371313]","[-1]","[13]","[1]","[0]","[-424.779]","[0.0196316]","[2.35997]",49538.3,0.339115,5,"[329071,179637,98569.3,27937.7,21934.8]","[0.991458,1.0034,2.26794,0.922592,1.28715]","[2.82685,-0.431076,-0.682006,1.20505,-2.15042]","[506000,278280,481217,41029.2,42965]","[0.996119,0.997221,0.967706,1,0.974149]","[0,0,15,0,0]","[0,0,1,0,0]","[-0.971076,-0.932845,-0.889365,0.409789,-0.907646]",0,"[]","[]","[]","[]","[]","[]","[]","[]","[]","[]",1,"[337602]","[0.996582]","[2.82491]","[520832]","[35877.5]","[0]","[2.22921]","[0.813049]",0,"[]","[]","[]","[]","[]","[]","[]","[]","[]","[]",0,"[681.697]",7336.58,"[10563.1,2687.16,3069.57,1918.64,1671.13]","[]","[13376.6]","[]"
107886,284500,2005532,364140,-1,1.76249,2.92375e+06,0.738662,1,0.986376,1,1,0.997661,0.986771,1,0,1,0,2,"[0,0]","[1,0]","[180332,19713.2]","[-0.530742,-0.669456]","[-0.376971,-1.08882]","[206332,24298.3]","[-0.0267754,-0.00867271]","[1,-1]","[13,13]","[1,1]","[0,0]","[-807.667,-807.667]","[0.0256433,-0.0255764]","[4.41436,2.1778]",54592.7,-0.945258,3,"[412845,206223,25671.7]","[-0.369368,0.249772,0.94308]","[3.09501,0.363456,0.036775]","[443649,214213,38325.4]","[0.990665,0.995145,0.969459]","[0,0,0]","[0,0,0]","[-0.993037,-0.859255,-0.373112]",0,"[]","[]","[]","[]","[]","[]","[]","[]","[]","[]",1,"[381359]","[-0.367648]","[3.1155]","[408081]","[23144.4]","[0]","[1.63827]","[0.521522]",0,"[]","[]","[]","[]","[]","[]","[]","[]","[]","[]",0,"[4974.81,145.807]",6693.49,"[7646.8,5672.7,2018.54]","[]","[9774]","[]"
108473,284500,2006569,364140,1,1.76249,2.92375e+06,0.553627,1,0.992387,1,1,1.48841,0.999478,1,0,1,0,1,"[0]","[1]","[290045]","[-1.28614]","[1.80031]","[564882]","[0.091011]","[-1]","[13]","[1]","[0]","[-1128.78]","[0.00647062]","[1.25973]",265695,1.69207,5,"[534408,63357.1,48618.6,39340.1,26228.4]","[0.405172,1.60732,-1.07789,-0.0794973,1.05163]","[-1.4792,0.896493,-1.50537,1.84096,-1.37262]","[579939,165066,80090.8,40341.7,42388.7]","[0.990284,0.989766,0.980218,0.998687,0.990236]","[0,0,5,4,0]","[0,0,0,0,0]","[-0.886918,-0.885921,0.918065,0.947416,-0.780731]",0,"[]","[]","[]","[]","[]","[]","[]","[]","[]","[]",1,"[488858]","[0.439493]","[-1.47573]","[536967]","[11910.4]","[0]","[0]","[-1]",0,"[]","[]","[]","[]","[]","[]","[]","[]","[]","[]",0,"[36788.3]",612,"[6925.44,2375.88,1598.99,3918.3,1802.75]","[]","[2447.22]","[]"
109640,284500,2012951,364140,1,1.76249,2.92375e+06,1.25133,1,0.993018,1,1,0.9917,0.906811,1,0,1,0,1,"[0]","[1]","[48606.3]","[0.257956]","[1.99713]","[50232.5]","[-0.00189209]","[-1]","[13]","[1]","[0]","[90.2479]","[0.0626204]","[8.30655]",431317,1.9014,4,"[580846,58505.3,50005.8,21785]","[0.439662,-0.0807414,-0.129877,-0.563126]","[-1.31729,1.42178,1.01859,-2.99059]","[638301,59382.6,50825.5,25760]","[0.987106,1,1,0.996763]","[0,15,0,0]","[0,1,0,0]","[-0.948359,-0.873901,-0.913807,-0.829611]",0,"[]","[]","[]","[]","[]","[]","[]","[]","[]","[]",1,"[573760]","[0.420267]","[-1.31664]","[625245]","[9001.63]","[0]","[0]","[-1]",0,"[]","[]","[]","[]","[]","[]","[]","[]","[]","[]",0,"[120.497]",3149.44,"[8362.58,2263.26,1938.75,1684.74]","[]","[51372.3]","[]"
113983,284500,2195119,364140,1,1.76249,2.92375e+06,0.738662,0.94284,0.999456,1,1,0.960052,0.991244,1,0,1,0,2,"[0,0]","[1,1]","[29045,24747.6]","[-1.49085,0.0122885]","[-0.77695,-1.05235]","[67762.7,24749.5]","[0.0381145,-0.044405]","[1,-1]","[13,11]","[1,1]","[0,0]","[-721.112,969.458]","[-0.0378656,-0.0843103]","[4.46048,6.50376]",52541.4,-0.266761,4,"[245583,111960,84048.4,20318.4]","[0.934228,-1.22824,-0.363891,2.49184]","[1.82296,-1.59928,-2.21252,-0.170617]","[361482,207838,90269.9,123647]","[0.986533,1,0.99641,1]","[0,4,0,0]","[0,0,0,0]","[-0.880499,-0.93431,-0.912107,-0.87588]",0,"[]","[]","[]","[]","[]","[]","[]","[]","[]","[]",1,"[280173]","[0.943225]","[1.82222]","[414887]","[21618.8]","[0]","[2.04704]","[0.766011]",0,"[]","[]","[]","[]","[]","[]","[]","[]","[]","[]",0,"[206.979,184.988]",2292.53,"[9223.32,4995.66,2156.18,1184.78]","[]","[28153.8]","[]"
114254,284500,2114099,364140,1.15548,1.76249,2.92375e+06,0.619412,0.98458,1,1,1,0.992755,1.00582,1,1,0,0,1,"[0]","[1]","[84363.4]","[-0.248392]","[-2.10073]","[86979.3]","[0.00445557]","[-1]","[11]","[1]","[0]","[38.9671]","[0.0410568]","[5.02336]",276550,-2.1937,4,"[349468,167245,87122.2,84592.6]","[-0.149442,1.15047,0.0484161,0.82797]","[0.647496,1.6956,-2.39668,0.348304]","[356480,291362,87355.1,115872]","[0.991683,0.998973,1,0.998812]","[0,0,15,0]","[0,0,1,0]","[-0.837135,-0.827137,-0.816598,-0.458777]",0,"[]","[]","[]","[]","[]","[]","[]","[]","[]","[]",1,"[342046]","[-0.158487]","[0.651459]","[349369]","[45824.7]","[0]","[1.37839]","[0.699839]",0,"[]","[]","[]","[]","[]","[]","[]","[]","[]","[]",0,"[376.265]",15284.5,"[8029.46,10370.7,5885.32,7698.28]","[]","[4556.56]","[]"
116075,284500,1953960,364140,1,1.76249,2.92375e+06,1.32095,1,0.991307,1,1,1.07343,1.0149,1,0,1,0,1,"[0]","[1]","[48024.9]","[-1.77509]","[1.00258]","[145763]","[0.01721]","[1]","[13]","[1]","[0]","[-190.057]","[0.0920478]","[13.2588]",102243,1.34991,6,"[225209,223550,130536,73846.2,70905.5,20643.9]","[-1.32345,-0.368974,2.03416,-1.11471,-0.0560909,-0.0536425]","[0.832735,-2.16335,-1.83123,1.27225,-2.45819,-1.59234]","[453453,242510,507593,124758,71245.1,21090.9]","[0.99791,0.999871,0.97923,0.996372,0.995251,0.884504]","[0,0,0,15,5,5]","[0,0,0,1,0,0]","[-0.880518,-0.961827,-0.0522121,-0.450124,0.999944,-0.489746]",0,"[]","[]","[]","[]","[]","[]","[]","[]","[]","[]",2,"[267006,256155]","[-1.29176,-0.29758]","[0.964746,-2.2226]","[525972,275539]","[60097.5,65745.3]","[0,0]","[0.774523,1.20134]","[0.636217,0.433377]",0,"[]","[]","[]","[]","[]","[]","[]","[]","[]","[]",0,"[226.294]",17643.1,"[3644.66,2649.7,3084.57,4097.46,4361.38,2448.49]","[]","[31363.8,0]","[]"
116123,284500,2886736,364140,1,1.76249,2.92375e+06,1.25133,0.94707,1,1,1,0.997815,0,1,1,0,0,1,"[0]","[1]","[26599.3]","[-1.09133]","[1.27487]","[44075.2]","[-0.0477524]","[1]","[11]","[1]","[0]","[233.625]","[-0.0223339]","[2.13607]",45456.1,0.364105,2,"[349095,33462.8]","[0.294225,2.26517]","[-2.42233,0.905313]","[364981,163132]","[0.987377,0.989859]","[0,0]","[0,0]","[-0.951269,-0.815507]",0,"[]","[]","[]","[]","[]","[]","[]","[]","[]","[]",1,"[327429]","[0.310166]","[-2.42576]","[343619]","[14686.4]","[0]","[3.10941]","[0.0621448]",0,"[]","[]","[]","[]","[]","[]","[]","[]","[]","[]",0,"[282.5]",13425.2,"[5961.07,2619.1]","[]","[25576.1]","[]"
116446,284500,2115253,364140,1,1.76249,2.92375e+06,0.934886,1,0.993167,1,1,0.951612,0.905584,1,0,1,0,1,"[0]","[1]","[89782.8]","[0.147798]","[0.585962]","[90765.3]","[0.123238]","[1]","[13]","[1]","[1634.53]","[-765.824]","[-0.00297536]","[0.62137]",442056,0.622811,1,"[517908]","[0.29918]","[-2.53481]","[543226]","[0.995833]","[4]","[0]","[0.539869]",0,"[]","[]","[]","[]","[]","[]","[]","[]","[]","[]",1,"[543818]","[0.289161]","[-2.53058]","[568756]","[48177.7]","[0]","[1.97058]","[0.674749]",0,"[]","[]","[]","[]","[]","[]","[]","[]","[]","[]",0,"[890.793]",1950.78,"[5853.36]","[]","[24452.7]","[]"
125329,284500,663929,364140,1,1.76249,2.92375e+06,0.696077,1,0.994352,1,1,0.953884,0.95285,1,0,1,0,1,"[0]","[1]","[69931.1]","[-0.666045]","[-0.484086]","[86024.4]","[-0.098259]","[1]","[13]","[1]","[0]","[-594.839]","[0.0175108]","[2.86781]",26327.4,-1.48397,4,"[339807,336140,26325.4,23320.7]","[-0.0048576,-1.16635,-0.863162,0.481044]","[-2.68124,0.638543,2.01851,-2.28297]","[340834,592205,37119.6,26426.4]","[0.991841,1,0.933593,0.992928]","[4,0,15,0]","[0,0,1,0]","[0.0753104,-0.716832,-0.855018,-0.792888]",0,"[]","[]","[]","[]","[]","[]","[]","[]","[]","[]",2,"[342008,312233]","[-0.0291342,-1.18253]","[-2.68247,0.641905]","[343748,557348]","[33077.6,12836.8]","[0,0]","[2.42933,3.07034]","[0.711626,0.308209]",0,"[]","[]","[]","[]","[]","[]","[]","[]","[]","[]",0,"[558.336]",12451.6,"[4125.84,5990.27,2621.38,1887.38]","[]","[3733.62,845.562]","[]"
125361,284500,759178,364140,1,1.76249,2.92375e+06,1.22586,0.9523,1,1,1,0.994402,1.00043,1,1,0,0,1,"[0]","[1]","[37947.1]","[1.71383]","[-2.49919]","[108725]","[-0.0541611]","[1]","[11]","[1]","[2176.03]","[432.624]","[0.0399882]","[1.88646]",56114.7,1.07402,6,"[324600,298867,163736,24602.9,23618,20477]","[0.998574,1.28078,1.15146,0.094228,0.927154,-1.94489]","[-1.54205,1.91996,0.337111,-1.30302,-2.76522,-0.0257981]","[500958,581495,285292,25287.3,34841.9,73147.6]","[0.995817,0.9983,0.99418,0.982134,0.96961,0.977465]","[0,0,0,0,0,0]","[0,0,0,0,0,0]","[-0.825436,-0.947643,-0.842378,-0.00980649,-0.818777,-0.891935]",0,"[]","[]","[]","[]","[]","[]","[]","[]","[]","[]",2,"[314329,289275]","[1.00987,1.3049]","[-1.54081,1.92012]","[489049,574048]","[18366.6,41424]","[0,0]","[1.73147,1.43786]","[0.684578,0.799938]",0,"[]","[]","[]","[]","[]","[]","[]","[]","[]","[]",0,"[162.288]",1423.84,"[4684.86,7726.65,6530.36,1859.82,1748.53,1172.98]","[]","[7969.12,8316.94]","[]"
125835,284500,2872968,364140,-1,1.76249,2.92375e+06,0.923924,0.97553,1,1,1,0.997724,1.01265,1,1,0,0,1,"[0]","[1]","[134400]","[1.6111]","[-3.13578]","[349977]","[0.41066]","[-1]","[11]","[1]","[0]","[3653.66]","[-0.00874496]","[0.860149]",316601,-3.09527,2,"[477322,31604.8]","[0.322252,0.558762]","[0.0810246,-2.64963]","[504112,37168.2]","[1,0.784776]","[0,0]","[0,0]","[-0.914837,-0.889666]",0,"[]","[]","[]","[]","[]","[]","[]","[]","[]","[]",1,"[484353]","[0.367631]","[0.0765889]","[518951]","[39392.9]","[0]","[1.53337]","[0.54516]",0,"[]","[]","[]","[]","[]","[]","[]","[]","[]","[]",0,"[1987.14]",2439.97,"[5717.42,2879.94]","[]","[21408.6]","[]"
127628,284500,2606072,364140,1,1.76249,2.92375e+06,1.22586,1,0.995063,1,1,0.995485,0.817584,1,0,1,0,1,"[0]","[1]","[63076.6]","[-0.786763]","[2.62337]","[83626.7]","[0.0370522]","[-1]","[13]","[1]","[2708]","[-1202.72]","[0.105968]","[14.2425]",296826,2.71419,6,"[327044,155664,23756,23708.5,22686.3,20286.4]","[0.486221,-2.17076,0.286559,-0.711939,1.07389,-1.1366]","[-1.01004,0.344066,0.908121,-2.05583,0.805384,1.55154]","[367056,691247,25260.3,30381.1,37381.5,35002.4]","[0.994378,0.992984,0.915062,0.935154,0.715683,1]","[0,0,0,0,0,0]","[0,0,0,0,0,0]","[-0.812656,-0.934212,-0.808047,-0.809184,-0.375788,-0.86995]",0,"[]","[]","[]","[]","[]","[]","[]","[]","[]","[]",1,"[337521]","[0.482071]","[-1.01096]","[377679]","[11456.2]","[0]","[3.31331]","[0.309403]",0,"[]","[]","[]","[]","[]","[]","[]","[]","[]","[]",0,"[503.936]",26178.3,"[4230.49,12584.6,2691.92,1844.17,1768.02,1198.68]","[]","[5840.56]","[]"
129500,284500,1964073,364140,1,1.76249,2.92375e+06,1.21412,1,0.991446,1,1,0.99585,0.919059,1,0,1,0,1,"[0]","[1]","[56113.2]","[-0.266705]","[1.17175]","[58120.8]","[-0.00813103]","[-1]","[13]","[1]","[0]","[-488.036]","[0.0228893]","[3.60581]",75407.2,1.02023,4,"[380390,171643,82820.4,40193.9]","[0.109064,-0.0637395,0.494234,0.56975]","[-2.35813,0.523677,0.00155372,0.848971]","[383898,172029,93913.3,47281.8]","[0.997473,1,0.996904,0.953205]","[0,15,0,0]","[0,1,0,0]","[-0.897683,0.132165,-0.469002,-0.882835]",0,"[]","[]","[]","[]","[]","[]","[]","[]","[]","[]",2,"[380214,269808]","[0.122739,0.176438]","[-2.3529,0.407074]","[385375,298993]","[41985.6,119627]","[0,0]","[2.39834,1.22731]","[0.660106,0.414732]",0,"[]","[]","[]","[]","[]","[]","[]","[]","[]","[]",0,"[494.473]",16866.1,"[10119.9,5262.18,2582.99,6891.93]","[]","[8838.81,14169]","[]"
129838,284500,2051235,364140,1,1.76249,2.92375e+06,1.25133,1,0.999738,1,1,0.996881,1.00545,1,0,1,0,1,"[0]","[1]","[27813.1]","[-1.40143]","[-1.49449]","[59899]","[-0.0267563]","[1]","[13]","[1]","[0]","[331.518]","[0.0104312]","[0.785837]",95685,-1.67151,5,"[308868,60161.6,45623.5,28586.2,27778.6]","[0.587699,-2.18976,0.854449,-2.43994,1.69664]","[1.45398,2.27347,-0.729297,2.85533,-1.17553]","[364452,272162,64105.4,165294,78433]","[0.986593,0.99729,0.970264,0.995226,0.986108]","[0,0,0,15,0]","[0,0,0,1,0]","[-0.706546,-0.683483,-0.954809,-0.906504,-0.63778]",0,"[]","[]","[]","[]","[]","[]","[]","[]","[]","[]",1,"[315088]","[0.616367]","[1.45787]","[377512]","[22199.8]","[0]","[1.29657]","[0.0466823]",0,"[]","[]","[]","[]","[]","[]","[]","[]","[]","[]",0,"[167.576]",18276.2,"[4666.93,5258.56,7128.34,6374.44,4563.27]","[]","[57173.2]","[]"
130871,284500,2684784,364140,1,1.76249,2.92375e+06,0.619412,0.93214,1,1,1,0.96665,0.84537,1,1,0,0,1,"[0]","[1]","[27360.4]","[-1.81978]","[2.3126]","[86630.7]","[0.274006]","[-1]","[11]","[1]","[1255.49]","[2914.12]","[-0.0903661]","[0.892001]",53713.2,1.93744,8,"[262408,209215,112247,51542.6,40814.1,31270.5,24497.4,20321]","[1.22535,1.71912,-0.919897,1.00113,-1.87941,1.34007,1.63252,2.24172]","[-0.636644,2.22773,-2.66527,-1.13327,-0.353052,1.84276,1.51368,-0.863515]","[486859,603059,164320,79930.7,136857,64155.3,65168.9,96789.6]","[0.988155,0.995415,0.996404,0.980579,1,0.996407,0.969742,0.973223]","[0,0,0,0,15,4,0,0]","[0,0,0,0,1,0,0,0]","[-0.910842,-0.326575,-0.717984,-0.902685,-0.101345,-0.743662,-0.676838,-0.583831]",0,"[]","[]","[]","[]","[]","[]","[]","[]","[]","[]",1,"[316468]","[1.233]","[-0.710854]","[595432]","[86668.4]","[0]","[1.44465]","[0.568988]",0,"[]","[]","[]","[]","[]","[]","[]","[]","[]","[]",0,"[116.679]",9115.66,"[4441.78,5116.84,7427,2860.5,4813.5,5881.05,2114.97,1157.52]","[]","[21325.1]","[]"
131722,284500,863898,364140,1,1.76249,2.92375e+06,1.26459,1,0.996951,1,1,0.96094,0.995513,1,0,1,0,1,"[0]","[1]","[31099.4]","[-1.3119]","[-2.90942]","[61927]","[0.178675]","[-1]","[13]","[1]","[0]","[609.301]","[-0.0193847]","[1.69756]",27215.3,1.19685,6,"[285739,158392,106856,46991.6,40522.8,21319.9]","[-0.152133,0.729124,-0.803858,-0.660571,1.15809,-1.7895]","[0.417256,-2.27573,2.36381,0.293704,-0.389845,2.77315]","[290081,202776,143481,57717.5,71160.2,65644.8]","[0.998335,0.992335,0.96742,0.979755,0.973099,0.989168]","[0,4,15,0,0,0]","[0,0,1,0,0,0]","[-0.85787,-0.878314,-0.579146,-0.926865,-0.959177,-0.103578]",0,"[]","[]","[]","[]","[]","[]","[]","[]","[]","[]",1,"[335435]","[-0.237338]","[0.398946]","[350220]","[60658.3]","[0]","[1.39639]","[0.575922]",0,"[]","[]","[]","[]","[]","[]","[]","[]","[]","[]",0,"[74.9893]",4705.95,"[3330.75,3366.38,14040.4,2202.02,9743.78,4666.08]","[]","[9590.19]","[]"
132356,284500,2335939,364140,1,1.76249,2.92375e+06,1.74563,1,0.998917,1,1,0.99766,0.973461,1,0,1,0,1,"[0]","[1]","[109501]","[-1.19895]","[-2.58089]","[198096]","[-0.00468445]","[1]","[13]","[1]","[0]","[-379.317]","[-0.0114218]","[2.17926]",98227.3,-1.81657,6,"[425386,101654,53464.1,49898.2,25665.3,21874.9]","[-0.0307077,0.591161,-2.21616,-0.0687949,-1.13122,0.401527]","[1.42025,-1.16558,-1.18266,-2.31397,-1.66796,-1.77456]","[426602,121779,248247,50394.6,43940.8,24070.6]","[0.993997,0.986936,0.986924,1,1,0.997835]","[0,0,0,0,15,0]","[0,0,0,0,1,0]","[-0.931241,-0.766817,-0.813359,-0.883739,-0.640031,-0.631256]",0,"[]","[]","[]","[]","[]","[]","[]","[]","[]","[]",1,"[424294]","[-0.0739081]","[1.42179]","[426540]","[30421.5]","[0]","[2.03265]","[0.648471]",0,"[]","[]","[]","[]","[]","[]","[]","[]","[]","[]",0,"[3933.04]",6060.6,"[4770.41,2798.45,8347.18,4233.75,4100.71,1710.94]","[]","[6315.19]","[]"
136401,284500,2895481,364140,1,1.76249,2.92375e+06,0.351687,0.93912,1,1,1,0.92549,0.86806,1,1,0,0,1,"[0]","[1]","[27589.1]","[-2.15716]","[-2.86977]","[120870]","[-0.134281]","[-1]","[11]","[1]","[0]","[2614.05]","[-0.0228334]","[1.45098]",92698,3.08517,5,"[337866,171125,39818.9,32402.5,28003.6]","[0.981106,-2.02525,-0.255334,-1.1492,0.97408]","[-0.186583,2.5407,2.88585,-2.3539,-0.778433]","[516393,659936,42031.5,56495.2,42682.7]","[0.997806,0.995583,0.999046,0.99,0.988362]","[0,0,0,5,0]","[0,0,0,0,0]","[-0.353955,0.679091,-0.915202,-0.812779,-0.308527]",0,"[]","[]","[]","[]","[]","[]","[]","[]","[]","[]",1,"[314908]","[0.964716]","[-0.19815]","[474977]","[41376.5]","[0]","[1.73843]","[0.682314]",0,"[]","[]","[]","[]","[]","[]","[]","[]","[]","[]",0,"[411.997]",10363.4,"[4963.83,4447.82,3400.02,1682.4,2440.59]","[]","[25979.6]","[]"
136762,284500,2998832,364140,1,1.76249,2.92375e+06,1.55465,1,1.00106,1,1,0.993897,0.745369,1,0,1,0,1,"[0]","[1]","[25795.2]","[1.0193]","[-1.5934]","[40396.8]","[-0.0433693]","[1]","[13]","[1]","[0]","[-235.665]","[0.0773252]","[7.15538]",68243.9,-2.03747,5,"[279749,241616,47064.6,23574.1,22630.3]","[1.59646,-0.702561,0.417616,-1.39983,0.890208]","[2.14451,-0.522838,3.1375,-1.64459,0.101725]","[719137,305123,51853.4,51044.3,32538.8]","[0.999313,0.995053,0.994742,0.983408,0.761103]","[0,0,15,0,0]","[0,0,1,0,0]","[-0.947062,-0.885272,-0.971207,-0.782961,-0.578668]",0,"[]","[]","[]","[]","[]","[]","[]","[]","[]","[]",1,"[283168]","[1.6035]","[2.13983]","[732658]","[25537.6]","[0]","[2.45202]","[0.756804]",0,"[]","[]","[]","[]","[]","[]","[]","[]","[]","[]",0,"[50.9551]",3423.37,"[5768.52,2888.89,2874.63,1776.84,1725.45]","[]","[9186.31]","[]"
138320,284500,2573141,364140,1,1.76249,2.92375e+06,1.08735,1,1.0018,1,1,0.961987,1.00912,1,0,1,0,1,"[0]","[1]","[25463.8]","[1.05042]","[0.777438]","[40852.1]","[-0.122601]","[-1]","[13]","[1]","[0]","[-343.746]","[0.00900695]","[0.90296]",38892.7,0.289983,4,"[303970,182225,147822,20465]","[0.0866477,0.32996,0.855137,0.160715]","[-2.28831,0.150359,1.85537,-1.35526]","[307278,192632,207044,21008.3]","[0.997,0.999898,0.996598,0.655868]","[0,4,0,15]","[0,0,0,1]","[-0.749186,-0.929192,-0.702124,-0.569483]",0,"[]","[]","[]","[]","[]","[]","[]","[]","[]","[]",1,"[305791]","[0.106529]","[-2.28533]","[310587]","[43487.4]","[0]","[1.48799]","[0.709673]",0,"[]","[]","[]","[]","[]","[]","[]","[]","[]","[]",0,"[108.884]",31040.4,"[13958,3084.74,2666.01,4351.86]","[]","[29255.6]","[]"
138548,284500,2895486,364140,1,1.76249,2.92375e+06,0.738662,0.95684,1,1,1,0.9972,0.96441,1,1,0,0,1,"[0]","[1]","[31121.7]","[-1.10536]","[1.35807]","[52150.8]","[-0.000857353]","[-1]","[11]","[1]","[0]","[-906.698]","[0.0016446]","[0.146453]",498268,1.24481,1,"[554132]","[0.37072]","[-1.88847]","[601183]","[0.999355]","[0]","[0]","[-0.758669]",0,"[]","[]","[]","[]","[]","[]","[]","[]","[]","[]",1,"[567593]","[0.378351]","[-1.89187]","[618410]","[109130]","[0]","[1.16874]","[0.736763]",0,"[]","[]","[]","[]","[]","[]","[]","[]","[]","[]",0,"[106.882]",4314.72,"[13464.1]","[]","[11441.9]","[]"
140310,284500,2126955,364140,1,1.76249,2.92375e+06,1.74563,1,0.996013,1,1,0.962571,0.978288,1,0,1,0,1,"[0]","[1]","[61692.2]","[0.457234]","[-2.15013]","[68254.1]","[0.0193005]","[1]","[13]","[0]","[0]","[-397.158]","[0.0163329]","[3.01085]",79428.9,-1.98945,4,"[536487,232971,140571,21114.2]","[-0.13151,-0.133855,1.03563,0.897754]","[1.14582,-2.21487,-1.58415,-2.12035]","[541444,235402,223619,30455.3]","[0.988892,0.999372,0.993937,0.932343]","[0,15,4,0]","[0,1,0,0]","[-0.928102,-0.582507,-0.394787,-0.317064]",0,"[]","[]","[]","[]","[]","[]","[]","[]","[]","[]",1,"[551414]","[-0.149908]","[1.14447]","[557778]","[13208]","[0]","[5.20929]","[0.265902]",0,"[]","[]","[]","[]","[]","[]","[]","[]","[]","[]",0,"[722.571]",12214,"[8994.67,3842.82,9307.08,1182.74]","[]","[2098.94]","[]"
140849,284500,2370767,364140,1,1.76249,2.92375e+06,1.25133,0.945772,1,1,1,0.998591,1.00493,1,1,0,0,2,"[0,0]","[1,1]","[96224.1,41621.9]","[-1.22415,-0.967477]","[1.76278,2.13961]","[177787,62668.9]","[-0.0050354,0.000812531]","[1,-1]","[11,11]","[1,1]","[0,1054.52]","[-279.245,2198.9]","[-0.0129314,-0.00422337]","[1.67168,0.490661]",323331,1.86951,2,"[403802,27678.5]","[-1.78134,-0.376621]","[-1.24833,-1.8542]","[1.233e+06,30446.9]","[0.996413,0.975423]","[0,0]","[0,0]","[-0.952107,-0.808801]",0,"[]","[]","[]","[]","[]","[]","[]","[]","[]","[]",1,"[391855]","[-1.79272]","[-1.24897]","[1.20937e+06]","[11319.9]","[0]","[4.42209]","[0.0267846]",0,"[]","[]","[]","[]","[]","[]","[]","[]","[]","[]",0,"[832.686,88.6081]",9460.06,"[9870.9,4448.86]","[]","[20214.3]","[]"
144562,284500,1972231,364140,1,1.76249,2.92375e+06,0.619412,1,0.975893,1,1,0.997121,0.969321,1,0,1,0,2,"[0,0]","[1,1]","[29446,26503.2]","[-1.9914,-1.71402]","[2.4114,-0.921907]","[109868,75950.1]","[0.0141649,0.132136]","[-1,1]","[13,13]","[1,1]","[0,0]","[-482.198,375.332]","[0.0207271,0.0228219]","[1.82723,1.87474]",13329.3,2.51024,4,"[253672,151412,83221.7,38072.9]","[-1.32395,0.229822,-1.72582,-0.186351]","[0.412897,-2.39729,-2.94784,1.70182]","[510704,156020,241446,39180.5]","[0.991073,0.999416,0.994399,0.993691]","[0,0,0,0]","[0,0,0,0]","[-0.875561,-0.924031,-0.820304,-0.895588]",0,"[]","[]","[]","[]","[]","[]","[]","[]","[]","[]",1,"[255882]","[-1.33358]","[0.415698]","[519316]","[10912.2]","[0]","[2.52412]","[0.746383]",0,"[]","[]","[]","[]","[]","[]","[]","[]","[]","[]",0,"[45.4304,52.2094]",2.54492,"[6380.09,5873.97,3495.76,3181.61]","[]","[10744.1]","[]"
146002,284500,2389005,364140,1.04683,1.76249,2.92375e+06,0.402058,0.996757,1,1,1,1.04361,1.00306,1,1,0,0,2,"[0,0]","[1,1]","[153985,85031.7]","[0.861255,1.12633]","[3.00696,2.58786]","[214713,144917]","[0.0654812,-0.0333252]","[1,-1]","[11,11]","[1,1]","[0,0]","[739.92,407.968]","[-0.00549239,0.00697583]","[0.968795,0.727849]",137024,2.83961,3,"[374492,89520.7,52710.3]","[1.60585,-0.541611,1.31556]","[-0.297684,2.16805,-1.02717]","[970869,103580,105484]","[1,0.989968,1]","[0,5,0]","[0,0,0]","[-0.80299,0.965952,-0.885567]",0,"[]","[]","[]","[]","[]","[]","[]","[]","[]","[]",2,"[421199,258647]","[1.59965,0.978205]","[-0.374357,2.85961]","[1.09091e+06,397512]","[110789,62409.5]","[0,0]","[2.08354,0.0839261]","[0.663044,0.450338]",0,"[]","[]","[]","[]","[]","[]","[]","[]","[]","[]",0,"[1601.36,580.595]",3531.55,"[10232,2293.53,3669.5]","[]","[3029.5,7134.38]","[]"
146038,284500,2631232,364140,-1,1.76249,2.92375e+06,1.24168,1,0.999326,1,1,0.999874,0.99716,1,0,1,0,1,"[0]","[1]","[34406.6]","[-1.30727]","[0.148798]","[68239.3]","[0.229546]","[-1]","[13]","[1]","[0]","[-301.529]","[-0.0798863]","[5.65851]",82829.1,-0.203358,3,"[350643,284059,27965.9]","[0.0368557,-0.905963,1.5539]","[2.75497,-0.614544,1.16482]","[351045,408996,69255.6]","[0.774169,0.984091,0.827564]","[0,0,15]","[0,0,1]","[-0.753627,-0.645155,-0.721833]",0,"[]","[]","[]","[]","[]","[]","[]","[]","[]","[]",2,"[357479,302506]","[0.044032,-0.900685]","[2.75476,-0.614939]","[358572,433867]","[23125.8,10901.7]","[0,0]","[8.25223,3.16081]","[0.523918,-1]",0,"[]","[]","[]","[]","[]","[]","[]","[]","[]","[]",0,"[80.2521]",4207.62,"[9500.06,5528.99,2742.69]","[]","[16436.3,5362.69]","[]"
146262,284500,918832,364140,1.13192,1.76249,2.92375e+06,0.75088,1,0.987741,1,1,0.969065,0.947147,1,0,1,0,1,"[0]","[1]","[34241.6]","[-1.71528]","[1.94338]","[98241.6]","[0.226559]","[1]","[13]","[1]","[1447.35]","[416.014]","[0.129614]","[12.9066]",81697.8,2.07358,7,"[256576,205403,38199.8,31189.8,27583,25573.8,25518.3]","[-0.733567,-0.285945,-0.317427,-1.55576,1.03736,0.1502,1.96237]","[-1.29276,1.98324,-0.890451,-0.867801,0.488038,2.38215,-1.22781]","[329479,214594,41220.1,77263.8,44031.9,26289.9,92629.1]","[0.994985,1,0.954134,0.95559,1,0.988503,0.685462]","[0,0,4,15,0,0,0]","[0,0,0,1,0,0,0]","[-0.810171,-0.857662,-0.879167,-0.769958,-0.673242,-0.809586,-0.770328]",0,"[]","[]","[]","[]","[]","[]","[]","[]","[]","[]",1,"[274125]","[-0.860442]","[-1.2531]","[388315]","[69649.1]","[0]","[2.0324]","[0.568613]",0,"[]","[]","[]","[]","[]","[]","[]","[]","[]","[]",0,"[118.328]",5751.4,"[8420.25,3348.95,1131,6281.27,2569.87,1997.39,2879.44]","[]","[4997.5]","[]"
147329,284500,908975,364140,1,1.76249,2.92375e+06,0.75088,0.96218,1,1,1,0.998186,0.97108,1,1,0,0,1,"[0]","[1]","[38367]","[0.669017]","[-0.961821]","[47278.3]","[-0.115799]","[-1]","[11]","[1]","[0]","[216.503]","[-0.00220153]","[0.235947]",31740.5,3.09429,3,"[271660,229561,99709.6]","[-0.0375134,0.554699,0.299775]","[1.1972,-1.5152,3.05741]","[272359,266041,104946]","[0.993486,0.821504,0.996023]","[0,0,0]","[0,0,0]","[-0.861679,-0.904368,-0.678692]",0,"[]","[]","[]","[]","[]","[]","[]","[]","[]","[]",2,"[281823,251863]","[0.0237454,0.639824]","[1.19668,-1.43442]","[282721,314591]","[21504,76296.5]","[0,0]","[2.95726,0.577314]","[0.727547,0.597099]",0,"[]","[]","[]","[]","[]","[]","[]","[]","[]","[]",0,"[66.8805]",2714.16,"[3971.37,8133.49,4440.95]","[]","[6979.84,0]","[]"
149361,284500,992764,364140,-3.09256,1.76249,2.92375e+06,0.696077,1,0.994261,1,1,0.951676,0.888263,1,0,1,0,1,"[0]","[1]","[292259]","[-0.223269]","[-1.55418]","[299574]","[-0.0435944]","[1]","[13]","[1]","[0]","[8359.09]","[0.00149929]","[0.179903]",48139.9,1.92071,2,"[329373,24199.5]","[0.272191,1.23593]","[1.46404,-1.53487]","[342346,45397.5]","[0.957455,0.83397]","[4,0]","[0,0]","[-0.439027,-0.793379]",0,"[]","[]","[]","[]","[]","[]","[]","[]","[]","[]",1,"[313921]","[0.307416]","[1.46843]","[329721]","[23659.6]","[0]","[2.96737]","[0.348154]",0,"[]","[]","[]","[]","[]","[]","[]","[]","[]","[]",0,"[36122.8]",6331.2,"[9363.4,3076.1]","[]","[18101.6]","[]"
150979,284500,991074,364140,1,1.76249,2.92375e+06,1.25133,0.906795,1,1,1,1.04864,0.99746,1,1,0,0,2,"[0,0]","[1,1]","[72382.5,29032.7]","[-1.74675,-2.25319]","[-2.25344,0.460586]","[213901,139693]","[0.0610962,-0.565605]","[-1,1]","[11,11]","[1,1]","[0,2011.15]","[88.2823,433.564]","[-0.0170734,-0.011459]","[1.35184,0.725249]",69555.7,-0.665861,3,"[261061,215356,38497.9]","[-1.62215,0.0718281,1.4666]","[2.02941,-1.25909,1.54289]","[687022,216411,88261.1]","[0.995194,1,0.980472]","[0,0,5]","[0,0,0]","[-0.965181,-0.787845,0.999878]",0,"[]","[]","[]","[]","[]","[]","[]","[]","[]","[]",1,"[255922]","[-1.62561]","[2.02428]","[675663]","[18230]","[0]","[2.95531]","[0.596312]",0,"[]","[]","[]","[]","[]","[]","[]","[]","[]","[]",0,"[592.491,368.27]",6723.1,"[7247.95,3172.47,2360.06]","[]","[8438.28]","[]"
159777,284500,144139,364140,1,1.76249,2.92375e+06,0.738662,0.98428,1,1,1,0.996435,1.00121,1,1,0,0,1,"[0]","[1]","[279273]","[-1.88371]","[-1.74184]","[939733]","[0.0153656]","[-1]","[11]","[1]","[0]","[1247.1]","[0.00416158]","[0.524451]",73984.2,-1.97853,3,"[327258,131993,21925.8]","[-1.79902,1.89632,1.89939]","[2.01373,0.604145,-0.103827]","[1.01624e+06,450111,75092.4]","[0.999988,1,0.995969]","[0,0,0]","[0,0,0]","[-0.789271,-0.552112,-0.792576]",0,"[]","[]","[]","[]","[]","[]","[]","[]","[]","[]",2,"[344840,296034]","[-1.87678,-1.91131]","[2.05648,-1.73932]","[1.15495e+06,1.02277e+06]","[71695.8,2742.75]","[0,0]","[3.14302,21.2175]","[0.515221,-1]",0,"[]","[]","[]","[]","[]","[]","[]","[]","[]","[]",0,"[3098.02]",9473.65,"[9965.87,5996.56,2714.71]","[]","[18413,10996.3]","[]"
160462,284500,2657467,364140,1,1.76249,2.92375e+06,1.22586,0.98536,1,1,1,0.958689,0.9918,1,1,0,0,1,"[0]","[1]","[114213]","[-0.705344]","[-1.22381]","[143822]","[-0.162455]","[-1]","[11]","[1]","[0]","[1877.42]","[0.073174]","[9.60442]",9231.53,0.992139,3,"[329736,215836,77548.5]","[-0.200824,0.212052,-2.21013]","[3.09521,0.213346,0.395314]","[338941,222772,358063]","[0.996759,0.998212,0.996735]","[0,0,4]","[0,0,0]","[-0.920451,-0.960382,-0.672077]",0,"[]","[]","[]","[]","[]","[]","[]","[]","[]","[]",1,"[319052]","[-0.191686]","[3.085]","[327386]","[40016.1]","[0]","[1.65598]","[0.576637]",0,"[]","[]","[]","[]","[]","[]","[]","[]","[]","[]",0,"[466.434]",5638.95,"[5051.03,3888.69,2300.35]","[]","[7903.03]","[]"
162745,284500,1063910,364140,1,1.76249,2.92375e+06,1.22586,1,0.995111,1,1,0.992722,0.977623,1,0,1,0,1,"[0]","[1]","[30786.3]","[-0.429219]","[0.216691]","[33666.1]","[-0.119083]","[1]","[13]","[1]","[1057.17]","[99.3884]","[0.0457143]","[4.6043]",251591,-0.390222,4,"[417647,98169.5,79808.4,24166.8]","[-1.89653,-0.0596694,0.150234,-0.555401]","[3.0348,-0.384558,0.563214,2.19176]","[1.42321e+06,98531.1,81312.2,28344.2]","[1,0.995741,0.998908,0.987616]","[0,15,0,0]","[0,1,0,0]","[-0.969197,-0.894775,-0.891387,-0.82178]",0,"[]","[]","[]","[]","[]","[]","[]","[]","[]","[]",1,"[412198]","[-1.90266]","[3.03613]","[1.41289e+06]","[38229.2]","[0]","[1.08562]","[0.720666]",0,"[]","[]","[]","[]","[]","[]","[]","[]","[]","[]",0,"[101.302]",8617.34,"[8406.19,2100.64,3210.93,1774.56]","[]","[12626.2]","[]"
163960,284500,1497416,364140,1.58185,1.76249,2.92375e+06,1.22586,0.95055,1,1,1,0.996147,0.97731,1,1,0,0,1,"[0]","[1]","[29023.4]","[1.03954]","[-0.773497]","[46169.6]","[0.0264263]","[1]","[11]","[1]","[0]","[1000.56]","[-0.0381597]","[3.22362]",49767.7,-1.52615,4,"[282093,257344,36661.6,20385.4]","[0.098141,0.032243,-0.270642,2.31918]","[0.265528,-2.60491,2.54143,1.66138]","[284143,259334,38440.2,104728]","[0.992795,0.990663,0.758236,0.863953]","[0,0,15,0]","[0,0,1,0]","[-0.852829,-0.92949,-0.941761,-0.615742]",0,"[]","[]","[]","[]","[]","[]","[]","[]","[]","[]",2,"[289900,255569]","[0.080274,0.014748]","[0.265758,-2.59414]","[291159,256720]","[13748.7,23987.5]","[0,0]","[1.1883,1.65984]","[0.0276614,0.409482]",0,"[]","[]","[]","[]","[]","[]","[]","[]","[]","[]",0,"[109.445]",2752.44,"[5846.99,8655.77,2787.58,1540.15]","[]","[8403.97,0]","[]"
166271,284500,2488087,364140,1.15315,1.76249,2.92375e+06,1.08735,0.96988,1,1,1,0.990665,1.00441,1,1,0,0,1,"[0]","[1]","[76052.3]","[1.5405]","[2.35692]","[185614]","[-0.0284138]","[-1]","[11]","[1]","[0]","[465.222]","[-0.020913]","[2.46518]",54893.9,2.76463,7,"[169259,141644,137244,75547.7,54586.8,50548.6,32574.1]","[0.0185878,0.237182,0.585695,1.68573,-1.49716,0.997059,1.38329]","[-1.56006,1.52647,-1.29209,-1.12362,2.07176,0.811657,1.44021]","[170290,145969,162150,210988,128146,78577,69219.9]","[0.996045,0.996352,0.99979,0.95487,0.975622,0.998101,0.994051]","[0,0,0,0,0,15,0]","[0,0,0,0,0,1,0]","[-0.94383,-0.947903,-0.592563,-0.367289,-0.857671,0.601393,-0.781034]",0,"[]","[]","[]","[]","[]","[]","[]","[]","[]","[]",1,"[278680]","[0.258473]","[-1.45588]","[303232]","[94773.1]","[0]","[0.78178]","[0.718184]",0,"[]","[]","[]","[]","[]","[]","[]","[]","[]","[]",0,"[979.933]",3007.56,"[2909.44,9772.11,5609.92,8943.58,3211.87,2651.04,2965.82]","[]","[11957.7]","[]"
167419,284500,2251692,364140,1,1.76249,2.92375e+06,0.738662,0.97738,1,1,1,0.957325,1.00056,1,1,0,0,1,"[0]","[1]","[66435.5]","[0.131526]","[2.34966]","[67011]","[-0.0506897]","[-1]","[11]","[1]","[0]","[-1738.71]","[-0.0904391]","[14.67]",237912,2.58145,3,"[544651,97197.5,27763.9]","[-1.63176,-0.521098,0.265157]","[-0.373631,-2.37646,1.2124]","[1.44588e+06,112070,29659.9]","[0.989516,0.998871,0.987695]","[0,4,0]","[0,0,0]","[-0.894052,-0.379388,-0.289668]",0,"[]","[]","[]","[]","[]","[]","[]","[]","[]","[]",2,"[565434,264347]","[-1.60595,0.133784]","[-0.370762,2.66627]","[1.46583e+06,272741]","[35106.9,57011.6]","[0,0]","[2.97268,0.663894]","[0.454816,0.641024]",0,"[]","[]","[]","[]","[]","[]","[]","[]","[]","[]",0,"[109.797]",6298.34,"[10469,3504.79,3675.8]","[]","[7298.62,9917.91]","[]"
167942,284500,2205662,364140,1,1.76249,2.92375e+06,1.25133,1,0.99569,1,1,0.950633,0.911937,1,0,1,0,1,"[0]","[1]","[121580]","[0.164288]","[1.99543]","[123224]","[0.00268173]","[1]","[13]","[1]","[0]","[-45.0637]","[0.00764258]","[1.69547]",38109.2,1.66183,3,"[328499,231649,36379.7]","[0.347328,0.825171,2.39061]","[-2.10458,0.50272,1.17178]","[348929,315692,200429]","[0.997628,0.995031,0.99]","[4,0,0]","[0,0,0]","[-0.482953,-0.928676,-0.885146]",0,"[]","[]","[]","[]","[]","[]","[]","[]","[]","[]",1,"[333211]","[0.344068]","[-2.10534]","[353270]","[9942.71]","[0]","[0.651698]","[-1]",0,"[]","[]","[]","[]","[]","[]","[]","[]","[]","[]",0,"[1365.51]",8565.76,"[3322.94,15584.1,2620.21]","[]","[6359.69]","[]"
170800,284500,2805085,364140,1.11265,1.76249,2.92375e+06,0.75088,0.97738,1,1,1,0.988515,1.00056,1,1,0,0,1,"[0]","[1]","[64759.4]","[0.538121]","[-3.02325]","[74364.2]","[-0.0387039]","[-1]","[11]","[1]","[0]","[1494.72]","[0.0204804]","[1.73701]",360548,-3.11687,6,"[587705,173149,125648,29809,25296.1,21843]","[0.154278,0.991159,-2.46877,-1.39269,-1.2789,2.48777]","[-0.0099451,3.04039,-2.66106,0.256786,-1.46814,1.56982]","[595291,265470,747166,64087.3,49167.3,132413]","[0.994106,0.993995,1,0.973258,0.714428,0]","[0,15,0,0,0,0]","[0,1,0,0,0,0]","[-0.78953,-0.991414,-0.876535,-0.883736,-0.843641,-0.585769]",0,"[]","[]","[]","[]","[]","[]","[]","[]","[]","[]",1,"[579496]","[0.140379]","[-0.0104727]","[585553]","[19907]","[0]","[2.95325]","[0.359951]",0,"[]","[]","[]","[]","[]","[]","[]","[]","[]","[]",0,"[193.418]",4116.62,"[7278.8,6627.99,3368.39,4525.54,2914.07,2185.37]","[]","[571.062]","[]"
171755,284500,676851,364140,1,1.76249,2.92375e+06,0.187531,0.96558,1,1,1,0.993284,0.99746,1,1,0,0,1,"[0]","[1]","[64968.9]","[-1.57829]","[-1.06597]","[164144]","[0.0189228]","[1]","[11]","[1]","[1483.08]","[-150.916]","[-0.00621989]","[0.547627]",74151.7,-0.611112,5,"[228072,225398,166461,59149.9,49566]","[-2.43601,0.383173,-0.000293997,-1.33687,0.50049]","[-1.28813,1.72751,2.44791,-0.120581,3.06639]","[1.31334e+06,242332,167721,120839,56676.6]","[0.998251,0.99223,0.995625,0.998715,0.995021]","[0,0,0,15,0]","[0,0,0,1,0]","[-0.658041,-0.931589,-0.826298,-0.972863,-0.926263]",0,"[]","[]","[]","[]","[]","[]","[]","[]","[]","[]",1,"[367280]","[0.230984]","[2.01462]","[409898]","[160611]","[0]","[0.428488]","[0.6212]",0,"[]","[]","[]","[]","[]","[]","[]","[]","[]","[]",0,"[679.116]",6872.86,"[12369.7,12370.3,3389.44,2817.52,2066.72]","[]","[1287.47]","[]"
176107,284500,2556897,364140,1,1.76249,2.92375e+06,1.22586,0.96052,1,1,1,0.99361,1.01448,1,1,0,0,1,"[0]","[1]","[57960.5]","[1.93551]","[-1.56883]","[204945]","[-0.0095253]","[-1]","[11]","[1]","[0]","[-62.9801]","[0.0182878]","[0.927723]",48014.6,-2.17089,11,"[146910,142938,127150,110719,86328.5,82850.4,77325.8,24542.1,24037.5,23729.3,22882.5]","[0.699413,-1.32936,1.96091,-1.69162,-0.772922,0.291624,1.4327,0.376025,-0.144758,1.05549,1.66355]","[0.762182,-2.96384,-0.0764314,-2.45024,2.72095,0.451896,1.19803,1.8051,-1.14324,1.62412,1.85015]","[186361,289871,461059,310807,114276,87132.9,171690,26708,24914.2,38424.2,62707]","[1,0.993642,1,0.984172,0.998417,1,0.998205,0.981301,0.972683,0.995498,0.993231]","[0,0,0,0,0,0,0,0,0,15,0]","[0,0,0,0,0,0,0,0,0,1,0]","[-0.833725,-0.973383,-0.747236,-0.902874,0.200816,-0.955658,-0.949239,-0.807994,-0.937921,0.6393,-0.746277]",0,"[]","[]","[]","[]","[]","[]","[]","[]","[]","[]",1,"[259861]","[0.878244]","[0.81161]","[399456]","[158446]","[0]","[1.21133]","[0.385938]",0,"[]","[]","[]","[]","[]","[]","[]","[]","[]","[]",0,"[222.296]",13290.1,"[5057.13,6939.38,9582.26,5732.94,2180.14,2988.42,2772.25,4268.57,1892.17,2177.77,1590.59]","[]","[15891]","[]"
177896,284500,2794258,364140,1,1.76249,2.92375e+06,1.22586,1,1,1,1,0.996842,1,1,1,0,0,1,"[0]","[1]","[313072]","[2.16776]","[1.24707]","[1.38583e+06]","[0.00470924]","[-1]","[11]","[0]","[0]","[8087.44]","[-0.0166601]","[0.852172]",43906.3,0.923404,4,"[347992,108991,42629.5,20009.2]","[0.4676,0.681118,-1.49518,-0.919009]","[-1.57649,-2.92289,-3.03778,3.00389]","[387193,135962,100093,29344]","[0.99693,1,0.999279,0.997573]","[0,0,0,0]","[0,0,0,0]","[-0.866702,-0.79105,0.255272,-0.913509]",0,"[]","[]","[]","[]","[]","[]","[]","[]","[]","[]",1,"[348880]","[0.457806]","[-1.57086]","[386221]","[10338.9]","[0]","[3.04336]","[0.0855181]",0,"[]","[]","[]","[]","[]","[]","[]","[]","[]","[]",0,"[4555.4]",3929.49,"[3879.54,3258.44,3319.9,1132.21]","[]","[18002.5]","[]"
180927,284500,2832461,364140,1.0189,1.76249,2.92375e+06,0.738662,1,0.98422,1,1,0.9704,1.0183,1,0,1,0,1,"[0]","[1]","[79065.4]","[1.79223]","[-0.334759]","[243893]","[-0.121841]","[1]","[13]","[1]","[0]","[1017.59]","[0.0287357]","[4.99817]",43928.8,0.165304,5,"[318861,115935,114831,46683.9,29626.1]","[1.67857,1.57001,0.557612,1.81153,-1.22109]","[2.33011,-0.833738,-1.39586,-1.95487,1.78379]","[884569,291017,134041,146765,54987.6]","[0.99965,0.976428,1,1,0.993968]","[5,0,0,15,0]","[0,0,0,1,0]","[0.961569,-0.902489,-0.937615,-0.701988,-0.954277]",0,"[]","[]","[]","[]","[]","[]","[]","[]","[]","[]",1,"[329750]","[1.66695]","[2.33517]","[904934]","[33691]","[0]","[2.48883]","[0.759736]",0,"[]","[]","[]","[]","[]","[]","[]","[]","[]","[]",0,"[512.98]",10162.8,"[5066.73,7361.07,2328.8,8155.69,2490.58]","[]","[32675.7]","[]"
181257,284500,359627,364140,1,1.76249,2.92375e+06,1.55465,1,0.994042,1,1,0.994113,0.988683,1,0,1,0,2,"[0,0]","[1,1]","[144803,143035]","[-0.606386,-0.970867]","[0.137286,-0.0586362]","[172251,215910]","[-0.0235252,-0.0186806]","[-1,1]","[13,13]","[1,1]","[0,0]","[112.831,-130.013]","[-0.00696699,-0.0396924]","[1.50365,7.1689]",120936,-0.047773,6,"[219226,202038,55485.6,38770.1,36709.7,24811.3]","[1.58599,-1.42717,-1.9209,0.443914,1.32427,1.97685]","[-2.79634,2.01787,-2.17886,-1.53299,3.07353,-3.00935]","[558546,445304,193567,43475.9,74067.9,91321]","[0.995622,1,0.952423,0.995841,0.993456,0.817814]","[0,0,0,0,0,0]","[0,0,0,0,0,0]","[0.279913,-0.958069,-0.788943,-0.811304,-0.952218,-0.680829]",0,"[]","[]","[]","[]","[]","[]","[]","[]","[]","[]",1,"[280799]","[1.58019]","[-2.86732]","[715570]","[83563.7]","[0]","[1.74206]","[0.689397]",0,"[]","[]","[]","[]","[]","[]","[]","[]","[]","[]",0,"[5113.36,4112.46]",6521.19,"[10061.2,3626.1,3205.36,2038.94,2622.47,2102.78]","[]","[0]","[]"
183789,284500,1498926,364140,1,1.76249,2.92375e+06,1.32095,1,0.996135,1,1,1.43198,0.997038,1,0,1,0,1,"[0]","[1]","[194935]","[2.16948]","[0.309172]","[864339]","[-0.181362]","[1]","[13]","[0]","[0]","[-215.82]","[0.0740668]","[13.6672]",107239,0.382087,5,"[301124,82052.7,69742.9,65510,54264]","[0.444537,0.922278,1.0019,-1.53947,-1.47092]","[3.01361,-1.6555,-3.02476,0.525726,-1.53408]","[338193,119773,108043,159979,124647]","[0.998113,0.998445,0.999458,0.983988,1]","[4,0,0,0,4]","[0,0,0,0,0]","[0.9745,-0.839575,-0.933604,-0.745907,0.543233]",0,"[]","[]","[]","[]","[]","[]","[]","[]","[]","[]",1,"[335084]","[0.542506]","[3.06409]","[401490]","[111783]","[0]","[1.26787]","[0.52021]",0,"[]","[]","[]","[]","[]","[]","[]","[]","[]","[]",0,"[15496]",3729.02,"[5436,3847.54,1575.03,3670.61,2873.49]","[]","[7309.69]","[]"
185674,284500,2163772,364140,1,1.76249,2.92375e+06,1.55465,1,0.99129,1,1,0.998393,0.87265,1,0,1,0,1,"[0]","[1]","[38182.5]","[0.25235]","[0.552856]","[39404.8]","[0.0128112]","[-1]","[13]","[1]","[0]","[-373.579]","[-0.00651171]","[0.948764]",26278.3,-0.0333795,3,"[246297,186332,31194]","[-0.14976,1.70831,-0.498303]","[-2.84378,0.24135,-2.54385]","[249473,531284,35283.8]","[0.998629,1,0.996993]","[0,0,15]","[0,0,1]","[-0.51744,-0.908142,-0.0516807]",0,"[]","[]","[]","[]","[]","[]","[]","[]","[]","[]",1,"[265151]","[-0.184074]","[-2.81484]","[275232]","[55121.2]","[0]","[2.32975]","[0.53498]",0,"[]","[]","[]","[]","[]","[]","[]","[]","[]","[]",0,"[189.851]",2583.59,"[2624.12,3145.18,2938.64]","[]","[0]","[]"
185715,284500,2283540,364140,1,1.76249,2.92375e+06,1.26459,1,0.995876,1,1,0.996885,0.86578,1,0,1,0,1,"[0]","[1]","[82855.8]","[0.729427]","[-2.89734]","[105893]","[0.212822]","[-1]","[13]","[1]","[1208.38]","[-614.339]","[-0.228712]","[25.0512]",272900,-2.99841,3,"[361877,45921,40456.4]","[0.814599,1.17331,1.44068]","[0.166123,-0.307918,-2.74063]","[489479,81834.6,90400.2]","[1,0.980794,0.937362]","[0,0,15]","[0,0,1]","[-0.984887,-0.84213,-0.928954]",0,"[]","[]","[]","[]","[]","[]","[]","[]","[]","[]",1,"[342525]","[0.833077]","[0.165523]","[468703]","[16312.5]","[0]","[4.83102]","[0.444593]",0,"[]","[]","[]","[]","[]","[]","[]","[]","[]","[]",0,"[288.854]",3715.5,"[5080.17,2163.88,4204.11]","[]","[24366.3]","[]"
187944,284500,1303079,364140,1,1.76249,2.92375e+06,0.738662,0.97166,1,1,1,0.997326,1.0005,1,1,0,0,1,"[0]","[1]","[133531]","[2.29254]","[-2.44117]","[667725]","[-0.0926781]","[1]","[11]","[1]","[0]","[1218.8]","[0.00276345]","[0.215584]",107304,-2.57852,6,"[422802,256731,86830.8,44825.3,29155.2,28318.6]","[-0.342907,0.948417,1.22739,0.756305,1.07066,1.16258]","[1.45526,-1.05589,-1.71306,2.42593,-2.62401,0.169953]","[449600,382423,161428,59049.1,47783,50125.2]","[1,0.997951,0.995906,0.99259,0.960693,0.926259]","[0,0,0,0,15,0]","[0,0,0,0,1,0]","[-0.937477,-0.847127,0.627803,-0.950687,-0.324682,-0.8334]",0,"[]","[]","[]","[]","[]","[]","[]","[]","[]","[]",2,"[422818,310527]","[-0.318057,1.04422]","[1.45094,-1.17071]","[446348,506817]","[41810,105206]","[0,0]","[2.47231,1.43528]","[0.77634,0.778961]",0,"[]","[]","[]","[]","[]","[]","[]","[]","[]","[]",0,"[1190.48]",2817.49,"[4585.61,9965.74,11995.7,7548.12,1850.45,4203.59]","[]","[53594.2,3144.25]","[]"
190153,284500,2805995,364140,1.33773,1.76249,2.92375e+06,0.923924,0.94443,1,1,1,1.04853,1.01758,1,1,0,0,1,"[0]","[1]","[39777]","[2.05514]","[1.53767]","[157835]","[-0.107079]","[-1]","[11]","[1]","[1064.84]","[-670.654]","[0.0143823]","[0.841633]",100679,1.15443,4,"[389056,201167,45645.7,25652.2]","[0.998237,0.574382,-1.55626,1.03127]","[-1.70844,1.55666,0.681381,2.21035]","[600579,236242,113631,40750]","[0.970969,0.992686,0.992902,0.992699]","[0,0,5,0]","[0,0,0,0]","[0.0182092,-0.522919,0.929133,-0.881637]",0,"[]","[]","[]","[]","[]","[]","[]","[]","[]","[]",1,"[394892]","[0.970237]","[-1.70445]","[596924]","[36515.7]","[0]","[1.85702]","[0.524806]",0,"[]","[]","[]","[]","[]","[]","[]","[]","[]","[]",0,"[181.508]",3961.41,"[5018.29,3084.05,6075.65,4655.65]","[]","[25577.6]","[]"
197630,284500,467308,364140,1,1.76249,2.92375e+06,0.187531,0.92778,1,1,1,0.997014,0.91897,1,1,0,0,1,"[0]","[1]","[27911.2]","[1.23428]","[-1.03769]","[52011.8]","[-0.106415]","[1]","[11]","[1]","[0]","[-994.257]","[-0.0879637]","[6.12358]",84823.3,-1.63978,4,"[302217,196639,127719,64625.3]","[0.906598,-1.63433,-0.686288,-1.23936]","[-2.58211,0.729396,0.724733,1.45417]","[436702,523380,160208,121275]","[0.927468,0.996912,0.99,0.982617]","[0,0,0,0]","[0,0,0,0]","[-0.306926,-0.671355,-0.876678,-0.781566]",0,"[]","[]","[]","[]","[]","[]","[]","[]","[]","[]",2,"[359610,318176]","[-1.37976,0.876294]","[0.831355,-2.57536]","[786741,450560]","[204206,44484.4]","[0,0]","[1.14809,1.80828]","[0.386731,0.833722]",0,"[]","[]","[]","[]","[]","[]","[]","[]","[]","[]",0,"[128.157]",6515.02,"[9966.01,8601.44,7112.92,4799.14]","[]","[12845.2,6727.09]","[]"
199342,284500,988210,364140,1,1.76249,2.92375e+06,1.24168,0.99861,1,1,1,0.997808,1.00582,1,1,0,0,2,"[0,0]","[1,0]","[84194.5,7830.06]","[-0.458786,0.235439]","[-1.97904,-1.44379]","[93211.9,8048.08]","[0.0491333,0.135429]","[1,-1]","[11,11]","[1,1]","[0,0]","[-471.824,274.485]","[0.045034,-0.0761181]","[5.1871,3.8507]",138237,-1.7446,3,"[246019,215697,97581]","[-1.19459,1.72389,-0.257385]","[1.97158,-0.407839,2.13659]","[443731,624131,101444]","[0.997707,0.995065,0.991322]","[0,0,0]","[0,0,0]","[-0.938501,-0.676704,-0.920647]",0,"[]","[]","[]","[]","[]","[]","[]","[]","[]","[]",1,"[337559]","[-0.9651]","[2.01548]","[531598]","[158718]","[0]","[0.787746]","[0.754067]",0,"[]","[]","[]","[]","[]","[]","[]","[]","[]","[]",0,"[1066.34,185.411]",4294.05,"[6056.34,3886.75,1993.46]","[]","[17475.3]","[]"
201252,284500,405445,364140,1,1.76249,2.92375e+06,1.22586,1,1.00098,1,1,0.939512,1.01429,1,0,1,0,1,"[0]","[1]","[54906.3]","[1.5864]","[-1.487]","[139758]","[0.084425]","[1]","[13]","[1]","[0]","[-68.3433]","[-0.00454843]","[0.56626]",121985,-1.25639,4,"[379523,148099,117801,21590.5]","[1.10077,0.360787,0.906352,0.953631]","[2.02273,-0.588266,-1.51775,-2.8821]","[633941,160131,169987,32335.4]","[0.95302,0.996578,0.999016,0.995893]","[0,5,0,15]","[0,0,0,1]","[-0.864837,0.799768,-0.965947,-0.870351]",0,"[]","[]","[]","[]","[]","[]","[]","[]","[]","[]",1,"[370405]","[1.10012]","[2.02697]","[618171]","[10198.8]","[0]","[4.44926]","[0.471349]",0,"[]","[]","[]","[]","[]","[]","[]","[]","[]","[]",0,"[545.269]",6622.19,"[9886.3,2351.16,3504.42,5232.86]","[]","[18779.3]","[]"
201524,284500,22020,364140,1,1.76249,2.92375e+06,1.1961,0.97332,1,1,1,0.977536,0.98683,1,1,0,0,1,"[0]","[1]","[76568.9]","[-1.15719]","[2.06313]","[133818]","[-0.0362549]","[-1]","[11]","[1]","[0]","[2027.73]","[0.0118196]","[1.38124]",61535.6,1.93716,7,"[264302,230921,77793.7,65078.2,37157,29009.4,25085.1]","[-0.887203,0.632314,1.7629,-0.764909,-2.44168,2.2935,0.273634]","[0.845221,-2.2563,-1.00405,-1.9335,1.8082,-0.878099,-1.36144]","[375711,279653,233718,85831.4,215163,145251,26553.9]","[0.999903,0.999547,0.994372,0.972535,0.991686,0.994955,0.993578]","[0,0,0,0,15,0,4]","[0,0,0,0,1,0,0]","[-0.878027,-0.929812,-0.760494,-0.741717,-0.132756,-0.706431,0.26523]",0,"[]","[]","[]","[]","[]","[]","[]","[]","[]","[]",2,"[290336,251862]","[-0.875636,0.647031]","[0.845469,-2.25817]","[409211,307471]","[14936.2,25064.5]","[0,0]","[3.0286,1.96207]","[0.635068,0.618261]",0,"[]","[]","[]","[]","[]","[]","[]","[]","[]","[]",0,"[1375.79]",2680.64,"[6432.3,3547.38,4456.22,3685.42,2286.91,3504.98,2245.41]","[]","[12407.1,0]","[]"
201856,284500,405888,364140,1,1.76249,2.92375e+06,1.32095,1,0.997036,1,1,0.924552,0.995131,1,0,1,0,1,"[0]","[1]","[238547]","[1.21762]","[2.11621]","[438338]","[-0.0652943]","[-1]","[13]","[1]","[1095.87]","[1928.83]","[-0.0264272]","[4.77956]",22913.6,2.8877,5,"[237675,211389,29324,29134.3,24602.8]","[1.06733,-0.996985,0.149875,-2.27023,0.672705]","[-0.898807,-0.0408165,2.25803,-2.67622,1.96421]","[387078,326739,30167.8,142705,30949.8]","[1,0.998088,0.990391,0.993963,0.993031]","[4,4,0,0,0]","[0,0,0,0,0]","[-0.766701,0.497688,-0.851453,-0.899618,-0.844733]",0,"[]","[]","[]","[]","[]","[]","[]","[]","[]","[]",1,"[253393]","[1.06557]","[-0.898278]","[411962]","[21803]","[0]","[2.4473]","[0.581688]",0,"[]","[]","[]","[]","[]","[]","[]","[]","[]","[]",0,"[15990.5]",32368.7,"[8979.02,2340.56,2021.27,2889.82,1976.4]","[]","[0]","[]"
203234,284500,1402140,364140,1,1.76249,2.92375e+06,1.22586,0.9823,1,1,1,0.915979,1.00632,1,1,0,0,1,"[0]","[1]","[130082]","[0.404347]","[-2.20382]","[140861]","[-0.0273552]","[-1]","[11]","[1]","[0]","[272.403]","[-0.0736609]","[10.5183]",111864,-2.47764,4,"[269542,220860,167438,26473.1]","[-0.475189,0.47935,-1.6125,1.63907]","[-0.759528,1.79842,1.56437,-1.64478]","[300830,248168,437218,70924.4]","[0.997012,0.99535,1,0.979932]","[4,4,0,0]","[0,0,0,0]","[0.742005,-0.92497,-0.900477,-0.510296]",0,"[]","[]","[]","[]","[]","[]","[]","[]","[]","[]",1,"[270199]","[-0.497726]","[-0.756895]","[304502]","[9170.13]","[0]","[1.7201]","[0.39006]",0,"[]","[]","[]","[]","[]","[]","[]","[]","[]","[]",0,"[596.688]",947.25,"[3138.76,2588.13,5249.91,7272.6]","[]","[9297.52]","[]"
204305,284500,218393,364140,1,1.76249,2.92375e+06,0.923924,1,0.998463,1,1,0.996808,1.02398,1,0,1,0,1,"[0]","[1]","[38111.5]","[-0.803669]","[0.714729]","[51096.3]","[-0.0144806]","[-1]","[13]","[1]","[0]","[-99.5238]","[0.00439061]","[0.522471]",381060,0.709057,3,"[497625,70362.4,62987.6]","[0.766913,1.53053,1.9135]","[-1.88874,1.44765,0.82773]","[652223,170391,218336]","[0.995041,0.999048,0.980171]","[0,0,0]","[0,0,0]","[-0.926645,-0.627565,-0.794632]",0,"[]","[]","[]","[]","[]","[]","[]","[]","[]","[]",1,"[457422]","[0.780822]","[-1.88924]","[604459]","[21005.7]","[0]","[2.3627]","[0.494581]",0,"[]","[]","[]","[]","[]","[]","[]","[]","[]","[]",0,"[121.338]",14686.4,"[6739.14,5701.95,4051.49]","[]","[21640.6]","[]"
204917,284500,290695,364140,1,1.76249,2.92375e+06,0.75088,1,0.993658,1,1,0.989688,0.914018,1,0,1,0,1,"[0]","[1]","[67336.8]","[0.292271]","[1.98456]","[70233.4]","[-0.0676498]","[1]","[13]","[1]","[0]","[-232.559]","[-0.00470659]","[0.741297]",138016,2.03909,9,"[308370,91634.4,85662.5,63916.7,57006.1,31897.5,31021,21930.6,21685.5]","[0.036672,-0.0404661,-0.358626,-0.672413,-0.150512,-1.16188,-1.44472,0.519811,-0.748251]","[-1.33129,0.895454,1.81638,-1.34053,-1.95354,0.960039,1.53649,-1.11863,2.14657]","[309439,92027.2,91730.9,80364.4,58278.7,56014.3,69506.4,25086.5,28105.6]","[0.999606,0.442504,0.991378,0.992642,0.988794,0.976684,0.99,0.950998,0.98074]","[0,0,15,0,0,0,0,0,0]","[0,0,1,0,0,0,0,0,0]","[-0.764691,-0.962982,-0.826191,-0.103506,-0.751745,-0.901424,-0.863147,-0.909596,-0.179987]",0,"[]","[]","[]","[]","[]","[]","[]","[]","[]","[]",1,"[349869]","[-0.101544]","[-1.37559]","[373452]","[125666]","[0]","[2.16495]","[0.517501]",0,"[]","[]","[]","[]","[]","[]","[]","[]","[]","[]",0,"[242.536]",8701.04,"[5739.91,2756.79,6137.36,5619.16,4880.73,3567.82,3963.81,4151.45,1893.48]","[]","[25722.8]","[]"
205494,284500,1767678,364140,1,1.76249,2.92375e+06,0.553627,0.95061,1,1,1,0.919205,0.96294,1,1,0,0,1,"[0]","[1]","[32543.5]","[-0.789182]","[-1.66433]","[43214.7]","[0.0111046]","[1]","[11]","[1]","[0]","[606.33]","[-0.0155676]","[1.14841]",114481,-1.54654,5,"[339192,165766,47999.1,23184.6,20114]","[-1.12945,1.33866,-1.78111,-1.10289,0.0404488]","[1.9754,-0.876822,-2.6554,-0.249034,0.392278]","[580025,338063,146681,38849.5,20487.5]","[0.993855,1,0.986151,0.994797,0.640453]","[0,0,0,15,0]","[0,0,0,1,0]","[-0.368563,-0.609406,0.280964,0.956637,-0.783507]",0,"[]","[]","[]","[]","[]","[]","[]","[]","[]","[]",1,"[331424]","[-1.11323]","[1.9779]","[559303]","[21422.9]","[0]","[2.57027]","[0.645077]",0,"[]","[]","[]","[]","[]","[]","[]","[]","[]","[]",0,"[36.6093]",33720.8,"[8726.17,14925.5,2265.48,1681.46,133.59]","[]","[11024]","[]"
208562,284500,1909267,364140,1,1.76249,2.92375e+06,0.619412,0.92001,1,1,1,0.995614,0.87288,1,1,0,0,1,"[0]","[1]","[28415.7]","[1.92498]","[1.03928]","[99468.1]","[0.105473]","[1]","[11]","[1]","[0]","[666.453]","[-0.00234638]","[0.13863]",17511.7,-1.44916,5,"[188179,132442,89128.9,52438.6,24825]","[1.76686,-1.69802,1.35668,-0.142709,-1.30544]","[2.60418,-1.0385,1.82408,-0.763781,-0.723374]","[567002,374176,184810,53308.7,49442]","[0.982092,0.9992,0.97413,0.972456,0.98]","[0,0,0,0,0]","[0,0,0,0,0]","[-0.914234,-0.80842,-0.871493,0.491104,-0.809533]",0,"[]","[]","[]","[]","[]","[]","[]","[]","[]","[]",1,"[250048]","[1.71245]","[2.37835]","[721877]","[95709.7]","[0]","[0.751917]","[0.718919]",0,"[]","[]","[]","[]","[]","[]","[]","[]","[]","[]",0,"[754.206]",1591.48,"[5883.66,2644.18,2841.5,3694.94,2402.37]","[]","[6611.67]","[]"
209075,284500,1905800,364140,1,1.76249,2.92375e+06,0.696077,0.97095,1,1,1,0.996841,0.99593,1,1,0,0,1,"[0]","[1]","[35342.9]","[-0.354067]","[1.57949]","[37581.5]","[0.0360374]","[1]","[11]","[1]","[38224.9]","[2037.99]","[0.0625875]","[4.69637]",93915.5,1.42515,4,"[249154,164417,33538.9,31271.4]","[0.684628,-0.350287,-1.39543,-1.62041]","[-2.21991,0.386205,-1.41809,-2.68164]","[310658,175424,72036.6,82513.3]","[0.994116,0.996378,0.997096,0.926617]","[0,0,0,15]","[0,0,0,1]","[-0.932955,-0.652767,-0.802238,-0.782988]",0,"[]","[]","[]","[]","[]","[]","[]","[]","[]","[]",1,"[260403]","[0.741984]","[-2.20045]","[337025]","[32710.1]","[0]","[2.807]","[0.804113]",0,"[]","[]","[]","[]","[]","[]","[]","[]","[]","[]",0,"[201.099]",4464.63,"[2789.58,4467.65,3745.48,2106.35]","[]","[2313.48]","[]"
209136,284500,1916701,364140,1,1.76249,2.92375e+06,1.21412,0.97446,1,1,1,0.998889,0.98483,1,1,0,0,1,"[0]","[1]","[58623.7]","[-0.430833]","[-3.0577]","[64149.2]","[0.0427055]","[-1]","[11]","[1]","[0]","[-747.747]","[-0.01564]","[2.3781]",117644,-3.02998,2,"[277041,162244]","[-0.305945,1.29744]","[-0.343578,1.95843]","[290280,319660]","[0.996995,0.996985]","[0,0]","[0,0]","[-0.808124,-0.845095]",0,"[]","[]","[]","[]","[]","[]","[]","[]","[]","[]",1,"[275446]","[-0.332573]","[-0.343329]","[290960]","[9018.51]","[0]","[4.47791]","[0.221609]",0,"[]","[]","[]","[]","[]","[]","[]","[]","[]","[]",0,"[287.659]",16690.2,"[3848.08,2663.05]","[]","[7402.81]","[]"
210738,284500,1916968,364140,1,1.76249,2.92375e+06,1.21412,0.90266,0.994467,1,1,0.974344,0.891463,1,0,1,0,2,"[0,0]","[1,0]","[58856.4,15566.6]","[0.483637,1.29429]","[-0.337065,0.00078966]","[65875.1,30530.1]","[0.0359097,0.139386]","[-1,1]","[13,11]","[1,1]","[0,1461.5]","[-751.095,-898.257]","[0.0392822,0.0733274]","[7.17903,5.23494]",131002,0.0269871,4,"[282220,257709,79044.3,29482.5]","[2.24146,0.797276,1.85533,1.79921]","[-2.78927,1.18689,-1.74683,-0.548736]","[1.34256e+06,344445,259020,91712.1]","[0.99912,0.966548,0.999743,0.917296]","[5,0,0,0]","[0,0,0,0]","[0.975916,-0.930278,-0.804093,-0.900985]",0,"[]","[]","[]","[]","[]","[]","[]","[]","[]","[]",1,"[255154]","[0.79216]","[1.18618]","[339731]","[12879]","[0]","[1.78583]","[0.164386]",0,"[]","[]","[]","[]","[]","[]","[]","[]","[]","[]",0,"[381.341,239.452]",7342.73,"[8235.3,3680.91,6402.18,1857.27]","[]","[0]","[]"
211187,284500,1904137,364140,1,1.76249,2.92375e+06,1.21412,1,0.986976,1,1,0.990156,1.00334,1,0,1,0,1,"[0]","[1]","[27593.9]","[-1.89137]","[2.4205]","[93534]","[0.0467634]","[-1]","[13]","[1]","[0]","[-216.59]","[0.00928731]","[0.926532]",19245.1,-2.73953,5,"[371687,169029,110846,83623.7,30144.3]","[1.6811,-2.00966,-2.25014,-1.70126,-0.933969]","[0.284966,-2.77944,-2.42001,3.08371,2.94447]","[1.03444e+06,642199,531792,236969,44973.3]","[0.944463,1,0.999158,0.999929,0.9828]","[0,0,15,0,0]","[0,0,1,0,0]","[-0.652305,-0.869344,-0.902365,-0.856206,-0.897687]",0,"[]","[]","[]","[]","[]","[]","[]","[]","[]","[]",1,"[361210]","[1.66665]","[0.289938]","[992316]","[63052.3]","[0]","[1.81263]","[0.739781]",0,"[]","[]","[]","[]","[]","[]","[]","[]","[]","[]",0,"[44.4286]",12025.4,"[5202.64,8895.07,4252.8,3819.28,2026.31]","[]","[12372.3]","[]"
211762,284500,1906894,364140,1,1.76249,2.92375e+06,0.596562,0.93894,1,1,1,0.997908,0.99124,1,1,0,0,1,"[0]","[1]","[34884.1]","[2.07024]","[2.72727]","[140458]","[0.0455132]","[1]","[11]","[1]","[0]","[-626.94]","[-0.0118472]","[0.769004]",126080,-2.18142,4,"[360733,190331,90681.4,29725.5]","[-1.49994,0.211321,0.0422741,-0.152157]","[-0.0619573,2.44519,2.93735,-2.16539]","[848795,196386,91588.2,30602.4]","[1,0.996725,0.809047,0.972209]","[0,0,0,15]","[0,0,0,1]","[-0.693256,-0.942367,-0.643689,-0.883836]",0,"[]","[]","[]","[]","[]","[]","[]","[]","[]","[]",2,"[349641,267627]","[-1.51117,0.147801]","[-0.0678687,2.59012]","[830911,277772]","[8693.77,62905.9]","[0,0]","[5.52721,1.09594]","[0.499526,0.85548]",0,"[]","[]","[]","[]","[]","[]","[]","[]","[]","[]",0,"[98.0941]",16385.5,"[28324.7,5185.37,2749.81,3235.64]","[]","[16858.7,0]","[]"
212865,284500,30516,364140,1,1.76249,2.92375e+06,0.619412,0.961763,1,1,1,0.995544,1.00582,1,1,0,0,2,"[0,0]","[1,1]","[185846,56790.6]","[-0.215075,-0.420396]","[-0.561988,-0.843818]","[190161,61883.3]","[0.000200272,-0.0309067]","[-1,1]","[11,11]","[1,1]","[0,0]","[-136.701,202.683]","[0.0214314,-0.0197466]","[1.78758,2.74685]",294396,-0.670562,4,"[306956,203987,45447.7,24256.9]","[-0.650132,-0.363415,2.35563,2.48716]","[2.8304,2.24898,1.9868,1.42472]","[379513,217758,241903,146906]","[0.995442,0.999016,0.73795,0.985409]","[0,0,0,0]","[0,0,0,0]","[-0.886393,-0.809403,-0.759967,-0.88773]",0,"[]","[]","[]","[]","[]","[]","[]","[]","[]","[]",1,"[492453]","[-0.554931]","[2.61725]","[599793]","[185940]","[0]","[0.936214]","[0.295608]",0,"[]","[]","[]","[]","[]","[]","[]","[]","[]","[]",0,"[1477.8,272.983]",1612.94,"[4226.28,2560.04,4837.44,3429.83]","[]","[6436]","[]"
214633,284500,172962,364140,1,1.76249,2.92375e+06,0.923924,0.94067,1,1,1,0.951458,0.84038,1,1,0,0,1,"[0]","[1]","[29760.1]","[1.55429]","[-2.42944]","[73553]","[-0.0453358]","[-1]","[11]","[1]","[1095.49]","[504.896]","[0.0146221]","[1.20997]",37790.3,-2.40568,4,"[386488,264721,88458.3,79854.6]","[-1.53286,1.60161,-1.61302,0.345065]","[1.73435,-0.774544,-1.81107,-2.39231]","[937128,683852,230997,84884.1]","[0.982077,0.992486,0.999695,0.988843]","[0,0,4,15]","[0,0,0,1]","[-0.745194,-0.719414,-0.85981,-0.925207]",0,"[]","[]","[]","[]","[]","[]","[]","[]","[]","[]",2,"[381442,269317]","[-1.52783,1.6074]","[1.72994,-0.77646]","[920718,699380]","[28985.6,25637.2]","[0,0]","[1.93236,2.14789]","[0.59466,0.619141]",0,"[]","[]","[]","[]","[]","[]","[]","[]","[]","[]",0,"[221.505]",8630.74,"[15078.8,3815.13,2758.03,2470]","[]","[8564.84,10372.9]","[]"
215399,284500,1827089,364140,1,1.76249,2.92375e+06,1.32095,1,0.992682,1,1,0.990653,0.955349,1,0,1,0,1,"[0]","[1]","[36120]","[0.201727]","[2.86565]","[36857.6]","[0.050415]","[-1]","[13]","[1]","[0]","[-350.803]","[0.0913264]","[10.8295]",88957.3,-2.91883,9,"[224490,150906,137663,53988.2,49478.9,48330.9,46158.1,43030.6,26530.9]","[-0.761028,0.437143,1.19906,0.148198,1.79597,2.21291,-0.944107,-0.257887,0.648228]","[0.0671373,2.17974,-1.52915,-1.95749,0.461996,-2.96546,2.93452,0.265994,1.43741]","[293104,166437,249984,55031.9,153234,223707,68419.1,45045.4,32939.4]","[0.991438,0.998453,0.998144,0.997309,0.990939,1,0.996519,0.993857,0.844201]","[0,0,0,0,0,0,15,0,0]","[0,0,0,0,0,0,1,0,0]","[-0.942724,-0.860742,-0.79631,-0.746275,-0.666726,0.0568508,-0.990636,-0.909654,-0.824655]",0,"[]","[]","[]","[]","[]","[]","[]","[]","[]","[]",1,"[258670]","[-0.749177]","[0.0851737]","[338318]","[49205.3]","[0]","[2.22502]","[0.718282]",0,"[]","[]","[]","[]","[]","[]","[]","[]","[]","[]",0,"[64.0492]",5833.8,"[8960.88,2223,4324.62,3109.52,2590.01,2277.05,2746.12,4629.38,2803.75]","[]","[7542.95]","[]"
217398,284500,976998,364140,1,1.76249,2.92375e+06,0.738662,0.97826,1,1,1,0.953021,1.00493,1,1,0,0,1,"[0]","[1]","[81099.9]","[-1.31166]","[1.60062]","[161457]","[0.00378036]","[1]","[11]","[1]","[0]","[82.598]","[0.00254546]","[0.153221]",61414.2,1.24181,4,"[325047,266689,51055.6,24739.2]","[-0.325096,2.37035,-2.11529,-0.349901]","[-2.49171,0.324148,-1.99519,1.16631]","[343047,1.43968e+06,214929,26411]","[0.992464,0.996737,0.995091,0.993492]","[4,0,0,15]","[0,0,0,1]","[-0.592611,-0.677585,-0.857609,0.477532]",0,"[]","[]","[]","[]","[]","[]","[]","[]","[]","[]",1,"[311542]","[-0.354712]","[-2.49053]","[332107]","[22453.9]","[0]","[3.41168]","[0.441945]",0,"[]","[]","[]","[]","[]","[]","[]","[]","[]","[]",0,"[576.938]",6211.66,"[3741.74,6606.52,10153.6,8881.95]","[]","[482.875]","[]"
218048,284500,1922149,364140,1,1.76249,2.92375e+06,0.402058,1,0.996243,1,1,0.994278,1.02059,1,0,1,0,1,"[0]","[1]","[51509.9]","[-1.50334]","[0.516404]","[121540]","[0.0534807]","[1]","[13]","[1]","[0]","[-29.209]","[0.0209352]","[2.68676]",96205.7,-0.0543312,5,"[308425,255975,53200.5,39647.9,27381.6]","[-0.494815,-1.44035,-1.40985,-0.876039,-0.675921]","[2.21438,-1.92984,-0.206387,1.8349,-2.05769]","[348786,571651,115613,56070.3,34211.6]","[0.997032,0.99602,1,0.936773,1]","[0,0,15,0,0]","[0,0,1,0,0]","[-0.870147,-0.456131,-0.917631,-0.556557,-0.86725]",0,"[]","[]","[]","[]","[]","[]","[]","[]","[]","[]",2,"[328213,254127]","[-0.538469,-1.40396]","[2.17966,-1.93713]","[382151,553247]","[62795.2,72173.2]","[0,0]","[1.90635,2.27504]","[0.679949,0.664317]",0,"[]","[]","[]","[]","[]","[]","[]","[]","[]","[]",0,"[839.995]",12912.8,"[3488.52,10380.7,8779.87,4842.15,2004.52]","[]","[11442.9,3153.83]","[]"
218494,284500,978862,364140,1,1.76249,2.92375e+06,0.923924,1,1.00015,1,1,0.995283,0.953101,1,0,1,0,1,"[0]","[1]","[131013]","[1.16082]","[-1.64984]","[229652]","[-0.0327988]","[1]","[13]","[1]","[0]","[1610.96]","[0.001584]","[0.262035]",157717,-1.74171,5,"[532999,274081,45416.9,45013.5,21302.1]","[0.167545,-1.15648,0.395293,-1.68486,-0.751042]","[1.06447,-2.39479,0.554682,-2.86337,3.02664]","[543276,479308,49686.3,125602,27910.4]","[0.994867,0.999133,0.997011,0.982716,0.934402]","[0,0,0,0,0]","[0,0,0,0,0]","[-0.765575,-0.845926,-0.85559,-0.897734,-0.886209]",0,"[]","[]","[]","[]","[]","[]","[]","[]","[]","[]",2,"[550100,309606]","[0.196257,-1.23754]","[1.03528,-2.44734]","[568555,583134]","[94016.1,73098]","[0,0]","[1.42118,1.70313]","[0.391016,0.777394]",0,"[]","[]","[]","[]","[]","[]","[]","[]","[]","[]",0,"[5556.11]",6638.91,"[6398.75,10962,2621.15,2611.39,3458.2]","[]","[45137.2,18494.2]","[]"
219490,284500,974507,364140,1.99652,1.76249,2.92375e+06,0.934886,0.98458,1,1,1,0.954078,1.00582,1,1,0,0,1,"[0]","[1]","[82446.4]","[-0.30327]","[0.514932]","[86267]","[0.11799]","[-1]","[11]","[1]","[0]","[889.048]","[0.0243914]","[3.33586]",90777.7,0.512054,8,"[311611,134185,120617,104085,54224.4,39942.4,25024.6,20819.5]","[-0.761217,-0.434038,-0.874493,-0.0461167,-0.412896,-1.01584,0.690379,0.377653]","[3.05891,-0.67885,0.121511,-2.19901,2.1605,1.2455,-2.19035,-0.699281]","[407226,147729,172331,104420,59299.8,62461,31464.2,22626.4]","[0.987674,0.999603,0.995416,0.999517,0.999123,1,0.94008,0.971165]","[4,0,0,0,0,15,0,0]","[0,0,0,0,0,1,0,0]","[-0.754501,-0.971739,-0.830878,-0.841756,-0.812184,-0.960569,-0.795334,-0.521652]",0,"[]","[]","[]","[]","[]","[]","[]","[]","[]","[]",2,"[359716,284183]","[-0.759152,-0.651463]","[2.9603,-0.102515]","[484648,400531]","[124272,200647]","[0,0]","[1.76815,1.07726]","[0.645861,0.451124]",0,"[]","[]","[]","[]","[]","[]","[]","[]","[]","[]",0,"[199.185]",13725.7,"[7136.48,2345.63,7095.86,2026.13,2628.37,6892.45,1910.18,2565.79]","[]","[2262.44,21680.1]","[]"
220154,284500,1921268,364140,1.02485,1.76249,2.92375e+06,0.75088,0.9823,1,1,1,0.992907,1.00632,1,1,0,0,1,"[0]","[1]","[119905]","[0.175183]","[-0.175649]","[121749]","[-0.0182552]","[-1]","[11]","[1]","[0]","[-636.242]","[0.0111522]","[0.723641]",360763,-0.294343,5,"[462301,90757.8,34982.7,23202.2,20823.2]","[-0.796297,0.961256,-1.50222,1.66337,2.18472]","[2.50536,-1.24049,1.70523,-1.0147,-2.4647]","[623318,136562,82737.1,63524,93816.6]","[0.999146,0.999595,0.807554,0.914513,0.97588]","[0,0,0,0,0]","[0,0,0,0,0]","[-0.946057,-0.902634,-0.658523,-0.573228,-0.759885]",0,"[]","[]","[]","[]","[]","[]","[]","[]","[]","[]",1,"[448505]","[-0.802195]","[2.52344]","[608826]","[99005]","[0]","[0.969402]","[0.703395]",0,"[]","[]","[]","[]","[]","[]","[]","[]","[]","[]",0,"[992.448]",30745,"[5699.15,2460.3,3177.58,1986.14,1134.59]","[]","[30839.7]","[]"
220467,284500,966360,364140,6.66126,1.76249,2.92375e+06,0.351687,1.00588,1,1,1,0.993789,1.00306,1,1,0,0,1,"[0]","[1]","[380426]","[1.00418]","[-1.62265]","[588904]","[0.0351257]","[1]","[11]","[1]","[0]","[7435.5]","[3.36689e-06]","[0.000386723]",84880.1,-1.71003,2,"[528983,74972.5]","[1.44924,0.556743]","[1.47049,-1.84736]","[1.1904e+06,87037.1]","[0.990821,0.562201]","[0,15]","[0,1]","[-0.876926,-0.783279]",0,"[]","[]","[]","[]","[]","[]","[]","[]","[]","[]",2,"[511855,529107]","[0.920593,1.42814]","[-1.65225,1.4711]","[749235,1.16838e+06]","[84019.7,59413.8]","[0,0]","[1.14775,1.62006]","[0.664878,0.773642]",0,"[]","[]","[]","[]","[]","[]","[]","[]","[]","[]",0,"[5078.1]",10839.2,"[10068.1,4963.34]","[]","[20754.2,13935.5]","[]"
220561,284500,975801,364140,1,1.76249,2.92375e+06,0.738662,1,0.993154,1,1,0.995582,0.982864,1,0,1,0,1,"[0]","[1]","[43283.8]","[0.407131]","[-1.85288]","[46921]","[-0.112288]","[-1]","[13]","[1]","[0]","[-751.39]","[0.00361211]","[0.579433]",46496,-1.93272,4,"[272531,249393,41784.1,22074.8]","[0.31258,-0.930371,-0.526259,1.40787]","[0.116641,2.67191,-2.33844,-0.971813]","[286781,365683,47789,47939.2]","[0.992759,0.970543,0.996627,0.973674]","[0,0,15,0]","[0,0,1,0]","[-0.872052,-0.862004,-0.753528,-0.495197]",0,"[]","[]","[]","[]","[]","[]","[]","[]","[]","[]",1,"[303359]","[0.38357]","[0.0901223]","[332353]","[64925.1]","[0]","[2.59059]","[0.557188]",0,"[]","[]","[]","[]","[]","[]","[]","[]","[]","[]",0,"[437.326]",14653.4,"[3616.5,11377.4,5529.81,1692.1]","[]","[12665.1]","[]"
221592,284500,769818,364140,1,1.76249,2.92375e+06,0.00292683,0.96825,1,1,1,0.99511,0.99461,1,1,0,0,1,"[0]","[1]","[63157]","[-2.07858]","[0.404658]","[256362]","[0.301842]","[-1]","[11]","[1]","[2401.02]","[487.768]","[0.0434124]","[1.12825]",89993.9,0.630426,7,"[205111,180850,75435.3,50086.4,41549.2,39106.2,20161]","[-1.46873,1.97397,-0.484083,-0.420512,-0.866068,-1.72427,-0.800479]","[2.65777,-0.49585,2.79397,-2.14493,-2.68145,-0.862161,3.14085]","[469532,663981,85821.9,55443.9,58862.3,113429,27146]","[0.989966,0.649787,0.99,0.945725,0.99681,0.971233,0.848899]","[0,0,0,0,0,0,0]","[0,0,0,0,0,0,0]","[-0.136402,-0.954049,-0.583678,-0.831141,-0.854441,-0.745849,-0.830181]",0,"[]","[]","[]","[]","[]","[]","[]","[]","[]","[]",1,"[264206]","[-1.2935]","[2.68345]","[530964]","[117416]","[0]","[1.06547]","[0.690407]",0,"[]","[]","[]","[]","[]","[]","[]","[]","[]","[]",0,"[1081.22]",5517.31,"[5693.13,3661.04,2573.55,3024.49,2788.14,7379,2111.39]","[]","[2419.44]","[]"
221686,284500,776226,364140,1,1.76249,2.92375e+06,1.25133,1,0.996125,1,1,0.992563,0.948895,1,0,1,0,1,"[0]","[1]","[47739.5]","[-1.06903]","[-2.43454]","[77717.3]","[-0.184246]","[-1]","[13]","[1]","[0]","[4.7738]","[-0.00206486]","[0.223933]",39782.8,-2.13986,5,"[540758,384361,138026,26094,24447.1]","[0.00410695,-1.32765,-0.147294,-0.239121,-0.6561]","[1.45725,-1.78357,-1.03927,0.481895,2.25644]","[545944,776962,140616,27070.2,30283.1]","[0.996438,0.99871,0.996978,0.965353,0.99624]","[0,0,15,0,0]","[0,0,1,0,0]","[-0.913929,-0.706369,-0.106285,-0.923037,-0.587747]",0,"[]","[]","[]","[]","[]","[]","[]","[]","[]","[]",2,"[547821,403614]","[0.0143491,-1.33163]","[1.46036,-1.7801]","[553698,818693]","[80074.1,42811.8]","[0,0]","[1.38034,1.66914]","[0.499674,0.804438]",0,"[]","[]","[]","[]","[]","[]","[]","[]","[]","[]",0,"[549.83]",10070.8,"[8658.12,9490.3,2096.47,2341.86,2215.94]","[]","[27333.6,33626]","[]"
224474,284500,1478637,364140,1.62799,1.76249,2.92375e+06,1.1961,0.97388,1,1,1,0.998216,0.98886,1,1,0,0,1,"[0]","[1]","[41507.2]","[-0.388109]","[0.277628]","[44672.7]","[-0.0337753]","[-1]","[11]","[1]","[0]","[1291.23]","[-0.0177018]","[1.27965]",20485.6,-0.640987,3,"[350437,316200,32701.2]","[1.75891,0.992533,1.47672]","[2.36828,-0.939541,-0.566417]","[1.04773e+06,485981,75372.2]","[1,1,0.996205]","[0,0,15]","[0,0,1]","[-0.798431,-0.790861,0.564863]",0,"[]","[]","[]","[]","[]","[]","[]","[]","[]","[]",2,"[351699,318649]","[1.75216,1.0166]","[2.37141,-0.920987]","[1.04481e+06,501177]","[19455.7,56462.7]","[0,0]","[2.62488,2.81892]","[0.354918,0.645213]",0,"[]","[]","[]","[]","[]","[]","[]","[]","[]","[]",0,"[18.0289]",14362.2,"[17064.9,3864.07,2371.05]","[]","[3962.06,19237]","[]"
225475,284500,787960,364140,1,1.76249,2.92375e+06,0.402058,0.96445,1,1,1,0.992377,1.00001,1,1,0,0,1,"[0]","[1]","[45329.7]","[-1.9923]","[-0.591476]","[169279]","[0.0125122]","[1]","[11]","[1]","[0]","[1582.1]","[0.121621]","[6.05946]",41703.7,-1.59555,7,"[266732,135576,68095.7,53608.2,41459.3,37499,25747.1]","[1.73248,-2.40305,-1.0366,-0.836414,-1.32009,0.53217,-0.964494]","[0.813649,-2.00718,2.78075,-0.871898,-2.43554,1.83323,-1.29861]","[778361,755878,108615,74220.2,83317.9,43292.4,39007.6]","[0.975705,1,0.988597,0.99,0.975818,0.994314,0.970104]","[0,0,0,15,0,0,0]","[0,0,0,1,0,0,0]","[-0.761524,-0.904443,-0.904656,0.346674,-0.933757,-0.867015,-0.712488]",0,"[]","[]","[]","[]","[]","[]","[]","[]","[]","[]",1,"[272130]","[1.71387]","[0.807123]","[780503]","[34786.4]","[0]","[2.3882]","[0.754041]",0,"[]","[]","[]","[]","[]","[]","[]","[]","[]","[]",0,"[144.206]",16831.5,"[8444.87,7180.33,2173.68,9295.32,2187.35,4305.15,5388.94]","[]","[9114.5]","[]"
225521,284500,294601,364140,1,1.76249,2.92375e+06,0.596562,1,0.995737,1,1,0.972603,0.964984,1,0,1,0,1,"[0]","[1]","[69287.3]","[-0.235481]","[0.177735]","[71217.3]","[-0.0643692]","[-1]","[13]","[1]","[0]","[-865.498]","[0.0146933]","[2.21871]",112553,0.121073,8,"[264417,179052,173550,54176.6,45654.8,33927.9,26698.4,20907.7]","[1.45576,-0.211933,0.496246,2.40086,0.0379862,1.11859,-1.58337,-0.129493]","[-1.43133,2.33903,2.59302,0.354016,1.68669,-0.344928,1.82712,2.89912]","[599482,185289,196288,301455,47013.3,57626.9,67971.6,21300.1]","[0.99,0.99994,0.999919,0.994766,0.999841,0.994245,0.998551,0.986006]","[0,5,0,0,0,0,0,5]","[0,0,0,0,0,0,0,0]","[-0.969734,0.999996,-0.924169,-0.647674,-0.88031,-0.884025,-0.793181,0.994677]",0,"[]","[]","[]","[]","[]","[]","[]","[]","[]","[]",2,"[320673,268704]","[0.114123,1.41494]","[2.47205,-1.43151]","[351348,588346]","[138813,56098.2]","[0,0]","[0.861087,1.55944]","[0.707845,0.712506]",0,"[]","[]","[]","[]","[]","[]","[]","[]","[]","[]",0,"[1003.37]",30537.7,"[5193.21,2359.85,2227.59,4605.92,4443.48,3769.51,2083.12,1220.02]","[]","[2739.59,6073.66]","[]"
225535,284500,238605,364140,1,1.76249,2.92375e+06,0.553627,0.96709,1,1,1,0.993744,1.00936,1,1,0,0,1,"[0]","[1]","[83514.8]","[0.0197678]","[-0.156448]","[83531.1]","[-0.0138779]","[1]","[11]","[1]","[0]","[-1545.55]","[-0.0104442]","[0.916609]",319749,-0.178421,3,"[500614,57550.1,35883]","[0.122624,-1.16068,-0.355831]","[3.02141,-0.857345,-1.95366]","[510703,101392,38650]","[1,0.986678,0.996492]","[0,15,0]","[0,1,0]","[0.230914,0.542097,-0.551863]",0,"[]","[]","[]","[]","[]","[]","[]","[]","[]","[]",1,"[510647]","[0.144242]","[3.02439]","[523195]","[86656]","[0]","[1.27953]","[0.678311]",0,"[]","[]","[]","[]","[]","[]","[]","[]","[]","[]",0,"[250.118]",410.875,"[7349.99,4617.19,6481.5]","[]","[2333.41]","[]"
226302,284500,934418,364140,1,1.76249,2.92375e+06,0.738662,0.93894,1,1,1,0.86708,0.99124,1,1,0,0,1,"[0]","[1]","[33485]","[2.28837]","[-0.682739]","[166760]","[-0.161415]","[-1]","[11]","[1]","[0]","[-242.761]","[-0.015969]","[0.636345]",97915.4,-0.569748,6,"[243362,148928,139731,90965.7,32876.3,20264.4]","[1.12454,-2.19557,2.00513,0.351882,1.36376,-2.21573]","[-2.74065,0.990216,1.291,-1.29317,-1.97049,-3.05614]","[414536,677522,528446,98387.2,68774,94077]","[1,1,0.983065,0.987523,0.990412,0.975707]","[0,0,0,5,15,0]","[0,0,0,0,1,0]","[-0.908444,-0.960198,-0.937134,-0.762488,-0.854939,-0.566048]",0,"[]","[]","[]","[]","[]","[]","[]","[]","[]","[]",1,"[263948]","[1.1419]","[-2.67457]","[460990]","[70505.2]","[0]","[2.17393]","[0.777094]",0,"[]","[]","[]","[]","[]","[]","[]","[]","[]","[]",0,"[153.954]",22291.4,"[6196.93,3756.64,4645.46,3667.99,3928.73,1161.55]","[]","[11071.3]","[]"
231880,284500,701071,364140,1,1.76249,2.92375e+06,1.25133,1,1.00106,1,1,0.997956,0.968387,1,0,1,0,1,"[0]","[1]","[35416.8]","[1.23201]","[-1.59675]","[65872.2]","[0.0179787]","[1]","[13]","[1]","[0]","[650.324]","[-0.0144811]","[1.61403]",17833,-1.56195,3,"[271554,180883,109872]","[-0.0397218,1.67352,1.95255]","[2.18199,-0.346536,-1.94385]","[272674,499235,394981]","[1,0.999998,0.996502]","[0,0,0]","[0,0,0]","[-0.969365,-0.965318,-0.134186]",0,"[]","[]","[]","[]","[]","[]","[]","[]","[]","[]",1,"[283287]","[-0.0131786]","[2.18411]","[284227]","[22794.1]","[0]","[1.5183]","[0.732117]",0,"[]","[]","[]","[]","[]","[]","[]","[]","[]","[]",0,"[141.677]",21260.8,"[18240.7,3415.19,7006.53]","[]","[17717.4]","[]"
232367,284500,695535,364140,1.02908,1.76249,2.92375e+06,0.553627,1,0.998593,1,1,0.99586,0.955365,1,0,1,0,1,"[0]","[1]","[127573]","[-1.48721]","[2.06137]","[296653]","[-0.0560837]","[1]","[13]","[1]","[0]","[879.706]","[0.044824]","[6.76284]",120159,1.95375,4,"[353995,112634,32283.6,25430]","[-0.935377,0.243294,-0.322419,1.90825]","[-1.06427,2.35525,-1.18015,2.76159]","[522133,116973,34731.5,87747.6]","[0.99311,0.999608,0.801542,0.846599]","[0,0,0,0]","[0,0,0,0]","[-0.87463,-0.819384,-0.261211,-0.878148]",0,"[]","[]","[]","[]","[]","[]","[]","[]","[]","[]",1,"[378287]","[-0.916545]","[-1.06068]","[550728]","[48168.2]","[0]","[1.65927]","[0.80985]",0,"[]","[]","[]","[]","[]","[]","[]","[]","[]","[]",0,"[6466.32]",2174.8,"[5689.15,2931.16,3537.79,2101.09]","[]","[8013.12]","[]"
232684,284500,287428,364140,1,1.76249,2.92375e+06,1.74563,1,0.996715,1,1,0.995367,0.83683,1,0,1,0,1,"[0]","[1]","[35977.9]","[-0.551885]","[-0.661696]","[41597.6]","[-0.0250092]","[-1]","[13]","[1]","[0]","[247.817]","[-0.0054049]","[0.706348]",241125,-0.835402,5,"[196665,190384,63552.6,55530.9,45661.2]","[0.705251,0.53683,-0.3699,0.632253,-0.695199]","[-2.39377,1.41145,1.40297,-0.142978,-1.68852]","[248232,218998,68490.2,67588.1,57496.2]","[0.994515,0.999805,0.982941,0.98913,0.892634]","[0,5,0,0,0]","[0,0,0,0,0]","[-0.922599,0.984337,-0.745425,-0.720065,-0.870676]",0,"[]","[]","[]","[]","[]","[]","[]","[]","[]","[]",1,"[254319]","[0.318826]","[1.41518]","[284150]","[96243.4]","[0]","[0.840143]","[0.829656]",0,"[]","[]","[]","[]","[]","[]","[]","[]","[]","[]",0,"[132.702]",2904.83,"[2614.15,2853.85,3178.67,2123.03,5142.71]","[]","[158.234]","[]"
235714,284500,1179941,364140,1,1.76249,2.92375e+06,1.1961,0.98916,1,1,1,0.960053,0.99765,1,1,0,0,1,"[0]","[1]","[102564]","[0.748791]","[-2.14087]","[132686]","[0.0813828]","[1]","[11]","[1]","[0]","[-1776.33]","[-0.00641531]","[1.05995]",177805,-2.54459,6,"[366275,264117,198713,45894.5,36402.3,20511.4]","[-0.857786,-1.73425,-0.525099,1.18324,0.966909,0.459013]","[-0.802718,2.21155,1.36763,-0.46034,1.54094,1.16795]","[510391,771779,229489,82187.8,55027.2,23010]","[0.998155,0.997272,0.996106,0.977293,0.991856,0.943865]","[4,0,0,0,0,0]","[0,0,0,0,0,0]","[0.276959,-0.914114,-0.838974,-0.91772,-0.815734,-0.911492]",0,"[]","[]","[]","[]","[]","[]","[]","[]","[]","[]",2,"[384530,262100]","[-0.871947,-1.7319]","[-0.804175,2.21637]","[540862,764016]","[26628,18185.2]","[0,0]","[2.70639,2.09899]","[0.858993,0.870694]",0,"[]","[]","[]","[]","[]","[]","[]","[]","[]","[]",0,"[446.176]",15032.5,"[8042.76,9351.8,9039.38,7619.48,2608.43,3015.49]","[]","[18561.4,0]","[]"
237027,284500,353540,364140,1,1.76249,2.92375e+06,1.32095,1,0.995923,1,1,0.979541,1.02645,1,0,1,0,1,"[0]","[1]","[103889]","[2.42229]","[-1.40121]","[590105]","[-0.30855]","[1]","[13]","[1]","[0]","[-424.559]","[0.0250312]","[3.72326]",129347,-0.903652,4,"[274871,240975,31722.2,21288]","[-0.582866,1.26098,-1.57108,-2.27276]","[2.78537,0.474916,-2.64515,2.32995]","[323165,460321,79819.1,104526]","[0.991579,0.994099,0.982942,0.97446]","[0,5,0,0]","[0,0,0,0]","[-0.729489,0.968208,-0.813349,-0.704437]",0,"[]","[]","[]","[]","[]","[]","[]","[]","[]","[]",1,"[279424]","[-0.597235]","[2.78554]","[330867]","[8569.51]","[0]","[4.39098]","[0.565641]",0,"[]","[]","[]","[]","[]","[]","[]","[]","[]","[]",0,"[4073.71]",4960.7,"[7278.34,20797.7,2276.08,2710.8]","[]","[21674.9]","[]"
237146,284500,556566,364140,1,1.76249,2.92375e+06,0.696077,1,0.998696,1,1,0.997425,0.904053,1,0,1,0,1,"[0]","[1]","[243870]","[1.20484]","[-2.52438]","[443354]","[-0.0262547]","[-1]","[13]","[1]","[3046.25]","[-18.158]","[-0.000996511]","[0.184218]",47176.9,-1.33562,3,"[410441,132520,32653.3]","[-0.108824,-0.243088,0.429522]","[0.704393,-2.96945,-1.87165]","[420682,137269,36004.6]","[0.993434,1,0.997189]","[0,0,15]","[0,0,1]","[-0.977579,-0.940261,-0.980499]",0,"[]","[]","[]","[]","[]","[]","[]","[]","[]","[]",1,"[395837]","[-0.124801]","[0.713351]","[406831]","[79819.2]","[0]","[1.26173]","[0.616961]",0,"[]","[]","[]","[]","[]","[]","[]","[]","[]","[]",0,"[44590]",11357.5,"[11019.2,2427.38,1872.28]","[]","[17353.4]","[]"
238216,284500,574482,364140,1,1.76249,2.92375e+06,0.187531,0.96615,1,1,1,0.997387,0.98962,1,1,0,0,1,"[0]","[1]","[71467.3]","[1.20476]","[2.10813]","[129918]","[0.144939]","[-1]","[11]","[1]","[0]","[1936.12]","[0.041366]","[1.50832]",137204,2.96376,4,"[281560,102483,88766.6,76642.5]","[1.49927,0.553114,-1.92505,-0.738949]","[-0.405827,2.77895,-0.797004,2.38095]","[662961,119566,311157,99044]","[0.993793,0.998783,0.997566,0.999811]","[0,0,0,0]","[0,0,0,0]","[-0.92488,-0.78108,-0.931769,-0.756077]",0,"[]","[]","[]","[]","[]","[]","[]","[]","[]","[]",1,"[264337]","[1.5141]","[-0.375508]","[631172]","[41143.3]","[0]","[1.9841]","[0.564312]",0,"[]","[]","[]","[]","[]","[]","[]","[]","[]","[]",0,"[236.03]",5255.38,"[4201.52,3564.39,3241.76,4116.47]","[]","[0]","[]"
238951,284500,1463308,364140,1,1.76249,2.92375e+06,0.553627,0.9652,1,1,1,0.997988,0.98592,1,1,0,0,1,"[0]","[1]","[68931]","[-1.21502]","[-2.40807]","[126387]","[-0.465736]","[1]","[11]","[1]","[0]","[-1269.25]","[-0.0342952]","[2.30808]",213202,-2.46167,2,"[454934,223045]","[0.519551,0.3903]","[0.31129,2.97443]","[518396,241619]","[0.991961,0.998772]","[0,0]","[0,0]","[-0.797828,-0.932155]",0,"[]","[]","[]","[]","[]","[]","[]","[]","[]","[]",1,"[470921]","[0.494508]","[0.313681]","[530120]","[21516.4]","[0]","[1.35211]","[0.0526137]",0,"[]","[]","[]","[]","[]","[]","[]","[]","[]","[]",0,"[950.679]",6457.59,"[9050.4,2669.82]","[]","[23959]","[]"
242703,284500,1452951,364140,1,1.76249,2.92375e+06,0.75088,0.9523,1,1,1,0.997556,1.00043,1,1,0,0,1,"[0]","[1]","[38552.7]","[1.76534]","[-3.12373]","[115942]","[0.166895]","[-1]","[11]","[1]","[0]","[-107.48]","[-0.0492603]","[0.944907]",106778,2.45367,4,"[246069,223272,50801.1,27809.5]","[-1.53917,1.47831,0.745916,0.847854]","[1.10159,-1.45313,-0.703068,-2.21859]","[600615,515464,66179.6,38560.4]","[1,0.998414,0.959283,0.702927]","[0,0,0,0]","[0,0,0,0]","[-0.883669,-0.775371,-0.621332,-0.78189]",0,"[]","[]","[]","[]","[]","[]","[]","[]","[]","[]",1,"[265162]","[-1.52895]","[1.09493]","[640843]","[24345.9]","[0]","[1.69769]","[0.640643]",0,"[]","[]","[]","[]","[]","[]","[]","[]","[]","[]",0,"[337.99]",2180.17,"[18379.8,7425.01,2433.22,3055.76]","[]","[8724.62]","[]"
242764,284500,1481900,364140,-1,1.76249,2.92375e+06,1.26205,1,0.990797,1,1,0.996784,1.00434,1,0,1,0,2,"[0,0]","[1,0]","[41844.7,9618.18]","[-1.98186,-0.176936]","[3.1024,2.10407]","[154700,9769.7]","[0.126099,0.13224]","[-1,1]","[13,13]","[1,1]","[0,0]","[300.766,-202.329]","[0.0241138,-0.00190308]","[2.53485,0.120711]",37884.8,2.12226,4,"[278837,194623,20503.2,20392.2]","[-1.41889,0.400366,0.765381,0.29118]","[-0.527836,2.50128,-2.0968,-2.5574]","[610155,212149,27175.8,21874.8]","[1,1,0.931941,0.98235]","[0,0,0,0]","[0,0,0,0]","[-0.849703,-0.913427,-0.775435,-0.929652]",0,"[]","[]","[]","[]","[]","[]","[]","[]","[]","[]",1,"[280878]","[-1.42784]","[-0.533213]","[619406]","[13163.9]","[0]","[3.47053]","[0.743642]",0,"[]","[]","[]","[]","[]","[]","[]","[]","[]","[]",0,"[201.235,28.3967]",27630.5,"[19995.4,3043.34,4328.72,1372.94]","[]","[10196.4]","[]"
243857,284500,1482078,364140,1,1.76249,2.92375e+06,1.21412,1,0.999721,1,1,0.962147,0.923753,1,0,1,0,1,"[0]","[1]","[26436.5]","[-1.09473]","[0.921817]","[43924.4]","[-0.00613022]","[1]","[13]","[1]","[0]","[-537.708]","[0.00483695]","[0.565694]",18857.1,-2.24381,2,"[387149,349377]","[-0.0876704,1.65354]","[1.52769,-1.60877]","[388783,947688]","[0.989523,0.998577]","[0,4]","[0,0]","[-0.78007,-0.0814742]",0,"[]","[]","[]","[]","[]","[]","[]","[]","[]","[]",2,"[378985,328415]","[-0.066512,1.65806]","[1.52602,-1.6037]","[379862,894490]","[5368.24,47457.4]","[0,0]","[0,1.39855]","[-1,0.736074]",0,"[]","[]","[]","[]","[]","[]","[]","[]","[]","[]",0,"[70.3945]",16998.5,"[15694,4560.94]","[]","[1441.56,27750.4]","[]"
245570,284500,2093622,364140,1,1.76249,2.92375e+06,1.25133,0.94379,1,1,1,0.95461,0.90506,1,1,0,0,1,"[0]","[1]","[28539.4]","[-0.757943]","[-0.993535]","[37137.1]","[0.040329]","[-1]","[11]","[1]","[3865.47]","[-832.842]","[0.0163873]","[1.22736]",81556.3,-0.348136,4,"[555631,296728,149507,25220.8]","[-0.279612,-0.980337,0.235373,-1.39645]","[2.68506,-0.451873,-0.455212,-0.998717]","[577662,451443,153686,54199.8]","[0.99,0.991234,0.776753,0.837986]","[0,4,15,0]","[0,0,1,0]","[-0.527113,0.0906034,-0.973402,-0.8371]",0,"[]","[]","[]","[]","[]","[]","[]","[]","[]","[]",2,"[553228,306104]","[-0.293218,-0.98149]","[2.68642,-0.496656]","[577200,470620]","[4680.26,67424.1]","[0,0]","[0,1.73083]","[-1,0.518515]",0,"[]","[]","[]","[]","[]","[]","[]","[]","[]","[]",0,"[53.7127]",1170.6,"[6411.87,2985,2737.52,1766.61]","[]","[26139.9,11194.7]","[]"
246899,284500,1810073,364140,1,1.76249,2.92375e+06,0.696077,1,1.00078,1,1,0.996927,0.995972,1,0,1,0,1,"[0]","[1]","[164126]","[1.33192]","[-1.43662]","[332543]","[-0.0287437]","[1]","[13]","[1]","[0]","[-196.83]","[0.00164277]","[0.330297]",263183,-1.39837,3,"[455474,45368.4,38004.9]","[0.786319,2.236,0.416468]","[1.79719,-1.60908,0.250897]","[604116,214776,41814.5]","[0.997426,1,0.984797]","[0,0,0]","[0,0,0]","[-0.724693,-0.816091,-0.826813]",0,"[]","[]","[]","[]","[]","[]","[]","[]","[]","[]",1,"[423390]","[0.807557]","[1.80193]","[569450]","[19558.7]","[0]","[6.98927]","[0.559008]",0,"[]","[]","[]","[]","[]","[]","[]","[]","[]","[]",0,"[1798.97]",4158.78,"[8100.68,3219.2,2055.73]","[]","[26786]","[]"
247809,284500,580024,364140,1.38979,1.76249,2.92375e+06,0.75088,1,1,1,1,0.954199,1,1,1,0,0,1,"[0]","[1]","[69161.5]","[-0.427968]","[0.833982]","[75592.4]","[-0.127159]","[1]","[11]","[0]","[0]","[614.42]","[0.228681]","[21.8054]",44978.3,0.553837,5,"[326404,207358,111540,95739.9,85513]","[-0.573841,0.0089351,-1.15632,0.85692,0.63465]","[-1.65707,1.76864,0.921533,2.61598,-1.49839]","[382864,207826,194947,134862,103596]","[1,0.990182,0.995257,0.998112,0.991396]","[0,0,15,0,4]","[0,0,1,0,0]","[-0.585422,-0.954392,-0.983736,-0.931334,-0.7046]",0,"[]","[]","[]","[]","[]","[]","[]","[]","[]","[]",1,"[298443]","[-0.548863]","[-1.65481]","[345538]","[26296.1]","[0]","[2.24655]","[0.691036]",0,"[]","[]","[]","[]","[]","[]","[]","[]","[]","[]",0,"[160.149]",6001.54,"[7704.5,6373.74,4966.2,3175.37,2483.81]","[]","[24031.1]","[]"
248672,284500,286491,364140,1.18188,1.76249,2.92375e+06,0,0.97949,0.998472,1,1,0.992354,0.99672,1,1,1,0,2,"[0,0]","[1,1]","[113883,65867.6]","[1.52349,1.14428]","[0.841298,1.25694]","[273671,113906]","[0.0418053,-0.128952]","[1,-1]","[13,11]","[1,1]","[0,3537.82]","[-512.308,-511.911]","[-0.00242756,-0.0774776]","[0.387224,6.12132]",174947,1.09709,5,"[731482,307385,124666,33353.7,23810.6]","[-1.56691,-0.63447,2.26512,-0.326136,-1.07232]","[-2.18812,0.687671,1.1761,3.12814,-2.08618]","[1.82992e+06,373420,606955,35465.6,39204.8]","[0.993755,0.993331,0.994163,0.992553,0.983276]","[0,0,0,0,0]","[0,0,0,0,0]","[-0.845233,0.0371546,-0.858394,0.647015,-0.958812]",0,"[]","[]","[]","[]","[]","[]","[]","[]","[]","[]",2,"[729318,295698]","[-1.57866,-0.657624]","[-2.19022,0.690696]","[1.84393e+06,364406]","[50133.2,42017.8]","[0,0]","[2.03009,1.52099]","[0.630122,0.756372]",0,"[]","[]","[]","[]","[]","[]","[]","[]","[]","[]",0,"[3523.24,238.694]",23865.8,"[30733.8,3458.36,5616.01,2159.82,1985.7]","[]","[12995.6,8545.22]","[]"
250044,284500,681804,364140,1,1.76249,2.92375e+06,1.26459,0.97332,0.997152,1,1,0.99481,0.98683,1,1,0,0,2,"[0,0]","[1,0]","[67395.8,8452.68]","[-0.99401,0.819098]","[-0.162698,-0.0112738]","[103525,11450.8]","[-0.0845871,-0.0011673]","[-1,1]","[11,13]","[1,0]","[3645.71,0]","[483.137,1821.17]","[0.0435967,0.00213088]","[3.01294,0.147527]",56162.6,-0.305462,6,"[216571,187701,107475,67985,37499.1,27740.2]","[-0.833174,0.270881,-2.31931,0.799099,-0.662683,-1.32278]","[-0.739908,2.23567,-2.92649,2.64504,-2.97659,0.258095]","[296768,195687,551870,91537.6,46832.1,55869.3]","[0.997457,0.987887,1,0.988321,1,0.96]","[0,0,0,0,0,0]","[0,0,0,0,0,0]","[-0.86912,-0.956755,-0.930162,-0.967764,-0.85921,-0.684075]",0,"[]","[]","[]","[]","[]","[]","[]","[]","[]","[]",1,"[304885]","[-0.980734]","[-0.549274]","[477039]","[112245]","[0]","[1.23497]","[0.573061]",0,"[]","[]","[]","[]","[]","[]","[]","[]","[]","[]",0,"[157.56,17.0849]",19573.8,"[3580.32,2254.51,6290.13,5374.48,2132.21,1771.95]","[]","[17833.2]","[]"
253137,284500,387784,364140,1,1.76249,2.92375e+06,1.26459,0.95684,1,1,1,0.995728,0.96497,1,1,0,0,1,"[0]","[1]","[34923.3]","[-1.03141]","[-0.738648]","[55205.5]","[-0.020874]","[1]","[11]","[1]","[0]","[1972.52]","[0.0375622]","[2.67302]",14255.2,0.894967,5,"[214735,164362,65029.2,37403.4,29578.3]","[-1.57492,-1.67394,0.310944,-0.891213,1.93741]","[0.0432492,-2.77919,2.54104,2.49412,1.78838]","[541349,453901,68617.4,53494.7,105024]","[0.99,0.99394,0.999761,0.999236,0.974002]","[0,0,0,0,0]","[0,0,0,0,0]","[-0.795776,-0.61643,-0.809884,-0.819749,-0.287237]",0,"[]","[]","[]","[]","[]","[]","[]","[]","[]","[]",1,"[254920]","[-1.53079]","[-0.0649405]","[624399]","[97904]","[0]","[1.23519]","[0.619104]",0,"[]","[]","[]","[]","[]","[]","[]","[]","[]","[]",0,"[281.506]",4735.18,"[4342.61,8776.23,2406.51,2045.37,3973.85]","[]","[8636.59]","[]"
254835,284500,644817,364140,1.20284,1.76249,2.92375e+06,0.696077,0.9652,1,1,1,0.995826,0.98592,1,1,0,0,2,"[0,0]","[1,0]","[61519.6,20045.4]","[-1.26257,-1.67961]","[-2.47292,2.67919]","[117423,55625.1]","[-0.021389,0.0934296]","[1,-1]","[11,11]","[1,0]","[0,1112.9]","[-1089.6,-417.333]","[0.0137214,0.0837996]","[1.61476,3.69611]",73633.8,-3.11398,5,"[300464,233451,30444.9,30166.3,25047.6]","[0.921389,-0.923892,2.25199,-0.441793,-0.258164]","[-1.0064,1.64221,1.78906,1.14889,0.573541]","[439206,340766,146422,33634.9,26292.2]","[1,0.991582,0.969294,0.928686,0.993895]","[0,0,0,0,0]","[0,0,0,0,0]","[-0.793758,-0.422937,-0.756346,-0.888769,-0.738143]",0,"[]","[]","[]","[]","[]","[]","[]","[]","[]","[]",2,"[314636,259520]","[0.904243,-0.910372]","[-1.00678,1.59783]","[454171,376883]","[41452.6,40529.7]","[0,0]","[1.67604,2.26704]","[0.651537,0.740996]",0,"[]","[]","[]","[]","[]","[]","[]","[]","[]","[]",0,"[189.405,342.747]",14122.5,"[12542.3,8417.44,2491.62,3163.72,3542.5]","[]","[6945.34,2413.19]","[]"
258539,284500,403832,364140,1.00995,1.76249,2.92375e+06,0.553627,0.99093,0.988089,1,1,0.997013,1.00306,1,1,0,0,2,"[0,0]","[1,0]","[102642,10238.7]","[1.03222,1.40484]","[2.65801,1.86773]","[162355,22117.4]","[-0.117126,0.158958]","[1,-1]","[11,13]","[1,1]","[0,0]","[-1051.46,-610.409]","[-0.00757825,0.0181843]","[0.913047,1.17947]",230318,2.61524,3,"[213758,155895,130801]","[0.0542898,-0.0598597,-0.398844]","[0.411638,-1.47716,-0.933182]","[215410,156764,141768]","[0.995789,0.999868,0.986917]","[0,0,0]","[0,0,0]","[-0.92433,-0.921804,-0.958243]",0,"[]","[]","[]","[]","[]","[]","[]","[]","[]","[]",1,"[299245]","[-0.355865]","[-1.25408]","[341180]","[122591]","[0]","[1.29538]","[0.455506]",0,"[]","[]","[]","[]","[]","[]","[]","[]","[]","[]",0,"[641.331,40.1966]",11497.2,"[4258.33,3204.89,4146.26]","[]","[5424.88]","[]"
260038,284500,1326631,364140,1,1.76249,2.92375e+06,1.25133,0.95684,0.996691,1,1,0.915169,0.96441,1,1,0,0,2,"[0,0]","[1,0]","[30948,9863.96]","[-0.800863,-0.529821]","[1.80599,-2.82896]","[41414.7,11281.6]","[0.0192618,-0.0110373]","[1,-1]","[11,13]","[1,1]","[0,0]","[2191.19,-675.435]","[0.0649183,0.0540851]","[4.74051,3.80045]",4631.4,2.10085,4,"[285607,262334,208361,28372.7]","[-1.7689,-1.23634,-2.07236,-1.43029]","[-0.527774,2.09928,-1.40605,-1.5391]","[861996,491751,841202,62962.6]","[0.961973,0.99905,0.99157,0.951844]","[0,4,4,0]","[0,0,0,0]","[-0.581338,0.539055,-0.896697,-0.786949]",0,"[]","[]","[]","[]","[]","[]","[]","[]","[]","[]",2,"[421934,299510]","[-1.98432,-1.19688]","[-0.844644,2.0598]","[1.57757e+06,545545]","[209579,71043]","[0,0]","[0.463411,1.48698]","[0.634419,0.625626]",0,"[]","[]","[]","[]","[]","[]","[]","[]","[]","[]",0,"[169.502,48.2216]",3183.04,"[4541.63,22193,14364.7,4465.81]","[]","[3460.47,330.344]","[]"
262332,284500,446214,364140,-1,1.76249,2.92375e+06,1.1961,0.9823,1,1,1,1,1.00632,1,1,0,0,1,"[0]","[1]","[96987.6]","[0.121003]","[-2.66469]","[97698.5]","[0.0242691]","[-1]","[11]","[1]","[0]","[-17.9482]","[-0.00939486]","[1.14928]",301811,-2.72978,0,"[]","[]","[]","[]","[]","[]","[]","[]",0,"[]","[]","[]","[]","[]","[]","[]","[]","[]","[]",1,"[432713]","[1.09824]","[0.411999]","[721137]","[15340]","[0]","[4.9264]","[0.336298]",0,"[]","[]","[]","[]","[]","[]","[]","[]","[]","[]",0,"[506.093]",11898.9,"[]","[]","[18299]","[]"
264269,284500,322279,364140,1.7946,1.76249,2.92375e+06,0.619412,1,0.991474,1,1,0.994869,0.934245,1,0,1,0,1,"[0]","[1]","[28445.9]","[-0.118745]","[-3.13759]","[28646.9]","[-0.0774536]","[1]","[13]","[1]","[0]","[470.123]","[-0.00609774]","[0.724485]",27573.6,1.72888,3,"[361970,308353,53792.1]","[1.82352,-0.67462,1.85357]","[-1.30471,1.84526,0.250628]","[1.15047e+06,384049,175977]","[0.994772,0.991862,0.694496]","[0,0,15]","[0,0,1]","[-0.790005,-0.711996,0.639997]",0,"[]","[]","[]","[]","[]","[]","[]","[]","[]","[]",2,"[371384,333613]","[1.80729,-0.687322]","[-1.30566,1.84427]","[1.16231e+06,419436]","[24029.7,56843.6]","[0,0]","[3.37835,1.78212]","[0.530821,0.818777]",0,"[]","[]","[]","[]","[]","[]","[]","[]","[]","[]",0,"[149.775]",17077.7,"[6586.1,8687.61,2531.55]","[]","[39597.8,15079]","[]"
266709,284500,1096691,364140,1,1.76249,2.92375e+06,1.26459,1,1.00099,1,1,0.997567,0.967356,1,0,1,0,1,"[0]","[1]","[26143.9]","[1.14767]","[-0.682699]","[45336.3]","[0.0683823]","[-1]","[13]","[1]","[0]","[681.552]","[0.0164639]","[1.53328]",84186.2,-0.698755,3,"[272726,222174,32484.2]","[-0.280651,1.19409,-1.28]","[-2.92585,0.515168,0.468521]","[284784,401100,63245.8]","[0.995923,0.99207,0.983891]","[0,0,0]","[0,0,0]","[-0.937014,-0.793795,-0.897374]",0,"[]","[]","[]","[]","[]","[]","[]","[]","[]","[]",1,"[271913]","[-0.237472]","[-2.92507]","[280949]","[27333]","[0]","[1.52344]","[0.669159]",0,"[]","[]","[]","[]","[]","[]","[]","[]","[]","[]",0,"[149.623]",3427.88,"[3364.9,5908.92,2404.38]","[]","[0]","[]"
267153,284500,1301979,364140,1,1.76249,2.92375e+06,0.75088,1,0.998762,1,1,0.998417,0.997809,1,0,1,0,1,"[0]","[1]","[52647.4]","[2.33824]","[0.370987]","[275332]","[0.176701]","[-1]","[13]","[1]","[1572.38]","[441.027]","[-0.047882]","[4.87515]",182516,0.328226,2,"[412132,189304]","[1.46018,0.167391]","[-2.67492,0.59631]","[935492,192832]","[0.999974,0.985139]","[0,0]","[0,0]","[-0.847023,0.447514]",0,"[]","[]","[]","[]","[]","[]","[]","[]","[]","[]",1,"[420450]","[1.46226]","[-2.67276]","[956087]","[14463.3]","[0]","[6.56419]","[0.455133]",0,"[]","[]","[]","[]","[]","[]","[]","[]","[]","[]",0,"[901.766]",6599.27,"[6850.97,4179.63]","[]","[10357.4]","[]"
267873,284500,255127,364140,1,1.76249,2.92375e+06,0.934886,0.89853,1,1,1,0.998694,0.98898,1,1,0,0,1,"[0]","[1]","[39873.2]","[-2.42602]","[-0.486708]","[227320]","[0.135292]","[-1]","[11]","[1]","[1192.86]","[-456.173]","[-0.0496732]","[2.11397]",199905,-0.13213,3,"[372435,176034,29523.1]","[0.866892,-1.20075,-1.37661]","[2.82389,-0.44337,0.312109]","[522678,319253,62400.6]","[0.99001,0.987493,0.976101]","[0,0,15]","[0,0,1]","[0.692769,-0.950432,0.551953]",0,"[]","[]","[]","[]","[]","[]","[]","[]","[]","[]",1,"[357702]","[0.903166]","[2.81645]","[514202]","[20754]","[0]","[2.4084]","[0.810048]",0,"[]","[]","[]","[]","[]","[]","[]","[]","[]","[]",0,"[319.935]",11433.4,"[9130.79,3477.23,2265.39]","[]","[4864.84]","[]"
268070,284500,377089,364140,1.23182,1.76249,2.92375e+06,1.22586,1,0.994055,1,1,0.997698,0.874617,1,0,1,0,1,"[0]","[1]","[55057.5]","[-0.378798]","[2.75413]","[59055.1]","[0.106796]","[1]","[13]","[1]","[0]","[870.121]","[0.0196627]","[3.02417]",35337.9,2.94732,3,"[407509,146490,51991.5]","[-0.546874,-1.0295,0.780215]","[-0.344787,-2.5703,1.55329]","[470740,231489,69285.4]","[0.996553,0.997021,0.994864]","[0,0,0]","[0,0,0]","[-0.865813,-0.815322,-0.97867]",0,"[]","[]","[]","[]","[]","[]","[]","[]","[]","[]",1,"[411594]","[-0.50921]","[-0.341106]","[467308]","[33316.7]","[0]","[3.28475]","[0.48172]",0,"[]","[]","[]","[]","[]","[]","[]","[]","[]","[]",0,"[488.182]",13645.7,"[11362.6,8266.55,2592.18]","[]","[10159.5]","[]"
270140,284500,1384170,364140,1,1.76249,2.92375e+06,0.923924,1,0.993249,1,1,0.958732,0.783269,1,0,1,0,1,"[0]","[1]","[64407.5]","[0.630375]","[-1.83983]","[77633.9]","[-0.0172882]","[-1]","[13]","[1]","[0]","[555.543]","[-0.00953643]","[1.1206]",224800,-2.03787,5,"[342519,140763,78580.5,29488.5,25848.6]","[-0.99679,0.451333,-1.7695,0.796167,-0.150417]","[0.79057,-2.37267,2.29223,-0.0665629,0.00130007]","[528720,155604,237418,40204.6,26841.1]","[0.994677,0.930103,1,0.999533,0.765719]","[4,15,0,0,0]","[0,1,0,0,0]","[-0.485073,-0.498118,-0.764143,-0.921147,-0.601638]",0,"[]","[]","[]","[]","[]","[]","[]","[]","[]","[]",1,"[328702]","[-1.03973]","[0.765175]","[525669]","[53265]","[0]","[2.49357]","[0.65131]",0,"[]","[]","[]","[]","[]","[]","[]","[]","[]","[]",0,"[1284.18]",23190.5,"[17064,5256.84,15031.2,2150.88,2859.65]","[]","[43620.2]","[]"
273402,284500,1586061,364140,1,1.76249,2.92375e+06,1.22586,0.97446,1,1,1,0.99597,0.98483,1,1,0,0,2,"[0,0]","[1,0]","[55589.4,10733]","[-0.183513,0.894809]","[1.46056,0.657825]","[56528.1,15324.4]","[0.0180902,0.0499725]","[-1,1]","[11,11]","[1,0]","[0,1443.2]","[-16.4211,2561.63]","[0.00565491,-0.0170023]","[0.715829,0.657506]",49319.3,1.62817,4,"[229278,175961,45611.1,36033.5]","[-1.86593,1.74629,1.5783,-1.4731]","[-1.20042,2.40555,-0.459156,-1.67669]","[758716,519961,115361,82843.7]","[0.995267,0.996676,0.721996,0.985613]","[0,0,0,0]","[0,0,0,0]","[-0.915066,-0.907752,-0.386678,-0.725217]",0,"[]","[]","[]","[]","[]","[]","[]","[]","[]","[]",1,"[256691]","[-1.83709]","[-1.27007]","[828778]","[64916.9]","[0]","[1.68072]","[0.651831]",0,"[]","[]","[]","[]","[]","[]","[]","[]","[]","[]",0,"[143.394,113.372]",895.977,"[3754.13,4893.11,2462.63,3306.22]","[]","[0]","[]"
275414,284500,1442336,364140,1,1.76249,2.92375e+06,1.26205,1,0.993222,1,1,0.999817,0.996734,1,0,1,0,1,"[0]","[1]","[103624]","[-2.22507]","[-0.203944]","[485078]","[-0.0843201]","[1]","[13]","[1]","[0]","[-334.279]","[0.0866153]","[14.7516]",40514.6,0.0724553,4,"[303362,103309,30293.9,24125.8]","[-0.455206,-1.18971,0.222065,-2.18156]","[3.0187,-0.217175,0.355364,-2.43871]","[336674,185745,31745.6,108368]","[0.986188,0.290786,0.998398,0.982219]","[0,0,0,15]","[0,0,0,1]","[-0.962682,-0.985456,-0.488897,0.06817]",0,"[]","[]","[]","[]","[]","[]","[]","[]","[]","[]",1,"[296436]","[-0.467827]","[3.02204]","[331596]","[37474.1]","[0]","[1.86319]","[0.736445]",0,"[]","[]","[]","[]","[]","[]","[]","[]","[]","[]",0,"[4594.11]",28925.9,"[17509.8,2713.39,3192.19,2036.75]","[]","[22660.2]","[]"
282172,284500,2122713,364140,1.04835,1.76249,2.92375e+06,1.1961,1,1.00187,1,1,1.05103,0.992762,1,0,1,0,1,"[0]","[1]","[74278.2]","[1.07916]","[3.05529]","[121894]","[0.00100708]","[-1]","[13]","[1]","[1471.76]","[-983.49]","[0.0704732]","[10.5797]",110855,-3.11333,3,"[329205,197198,43398.9]","[0.342588,-0.263854,-0.624215]","[0.736543,-1.695,2.55611]","[349773,205373,52771.5]","[0.979156,0.998517,0.686201]","[5,0,0]","[0,0,0]","[0.146778,-0.927063,-0.917934]",0,"[]","[]","[]","[]","[]","[]","[]","[]","[]","[]",1,"[315525]","[0.340251]","[0.742335]","[334491]","[18722.7]","[0]","[3.2185]","[0.580612]",0,"[]","[]","[]","[]","[]","[]","[]","[]","[]","[]",0,"[281.373]",15029,"[12212.7,5767.68,6719.46]","[]","[11968.6]","[]"
282485,284500,1630789,364140,1.04381,1.76249,2.92375e+06,0.696077,0.988174,1,1,1,0.98973,0.98653,1,1,0,0,2,"[0,0]","[1,0]","[56910.5,7328.5]","[0.274513,0.452753]","[0.444306,2.09017]","[59068.4,8092.54]","[-0.014576,0.120985]","[1,-1]","[11,11]","[1,1]","[2438.99,4081.63]","[-589.182,157.228]","[-0.00508656,0.0116617]","[0.288097,0.491547]",80193,0.825805,4,"[201499,181478,155204,20557.3]","[0.169532,1.46348,1.33062,-2.43539]","[0.880592,-2.10116,-2.51136,2.42341]","[204884,413555,314807,118332]","[0.993845,0.993924,0.995084,0.0840854]","[5,0,0,0]","[0,0,0,0]","[0.977376,-0.924593,-0.829188,-0.855208]",0,"[]","[]","[]","[]","[]","[]","[]","[]","[]","[]",2,"[290288,252667]","[1.43283,0.189766]","[-2.28044,0.776711]","[646616,263698]","[69534.8,58045.8]","[0,0]","[0.935201,0.588631]","[0.825561,0.34865]",0,"[]","[]","[]","[]","[]","[]","[]","[]","[]","[]",0,"[288.169,160.63]",22916.8,"[10414.6,13941.8,3094.52,2301]","[]","[25667.3,3934.28]","[]"
282684,284500,2121938,364140,1,1.76249,2.92375e+06,1.32095,0.90281,0.998963,1,1,0.998024,0.998104,1,0,1,0,2,"[0,0]","[1,0]","[46221.8,19896.9]","[-2.29009,-2.39419]","[-0.540471,-2.34503]","[230579,109936]","[-0.125546,0.0948257]","[1,-1]","[13,11]","[1,1]","[0,0]","[917.037,422.053]","[-0.0147166,0.0447378]","[1.43631,1.6408]",113688,-0.596073,3,"[442428,311963,32528.5]","[-0.833156,-1.10226,0.00704959]","[2.43328,-0.647348,-2.41415]","[606101,522103,33099.4]","[0.993363,0.99,0.845303]","[0,0,0]","[0,0,0]","[-0.905885,0.54525,-0.86906]",0,"[]","[]","[]","[]","[]","[]","[]","[]","[]","[]",2,"[447134,328607]","[-0.813251,-1.08598]","[2.43095,-0.651279]","[604294,542758]","[34159.1,24894.3]","[0,0]","[1.60444,2.11793]","[0.582937,0.708813]",0,"[]","[]","[]","[]","[]","[]","[]","[]","[]","[]",0,"[533.052,299.966]",7035.35,"[6211.17,3965.42,6248.21]","[]","[15237,2677.69]","[]"
283248,284500,2123164,364140,1,1.76249,2.92375e+06,1.22586,0.97095,1,1,1,0.999028,0.99593,1,1,0,0,1,"[0]","[1]","[36244.3]","[-0.540143]","[-0.454356]","[41661.4]","[0.101506]","[1]","[11]","[1]","[0]","[2785.33]","[-0.336771]","[35.5559]",208894,-0.713699,4,"[273052,107460,85991.7,26542.8]","[-0.485622,-0.509434,0.174957,-0.170809]","[2.48855,0.490324,-2.68405,-1.13176]","[306667,122180,88467.7,27181.7]","[0.991353,1,0.991518,0.983459]","[0,0,0,15]","[0,0,0,1]","[-0.839098,-0.861869,-0.725899,0.593685]",0,"[]","[]","[]","[]","[]","[]","[]","[]","[]","[]",1,"[289512]","[-0.500219]","[2.48784]","[327110]","[20064.1]","[0]","[1.96]","[0.411951]",0,"[]","[]","[]","[]","[]","[]","[]","[]","[]","[]",0,"[78.1144]",1020.56,"[3032.7,3015.55,2079.04,2070.75]","[]","[17774.1]","[]"
291273,284500,1362243,364140,1,1.76249,2.92375e+06,0.351687,1,0.998063,1,1,0.995745,0.986749,1,0,1,0,1,"[0]","[1]","[52361]","[-0.904346]","[1.62221]","[75272.2]","[0.318321]","[-1]","[13]","[1]","[0]","[1982.53]","[0.382834]","[48.4268]",235013,1.52066,5,"[302024,132655,67389.9,38876.5,31927]","[-0.686047,1.26552,1.6538,-1.21707,2.14398]","[-1.03753,-2.55444,2.39334,2.53438,-0.502046]","[376732,254176,182744,71586.1,138216]","[0.99779,0.997298,0.990854,1,0.832078]","[0,0,0,0,0]","[0,0,0,0,0]","[0.402405,-0.926278,-0.90358,-0.937978,-0.696594]",0,"[]","[]","[]","[]","[]","[]","[]","[]","[]","[]",1,"[302564]","[-0.657533]","[-1.03691]","[371786]","[32521.6]","[0]","[2.05871]","[0.812828]",0,"[]","[]","[]","[]","[]","[]","[]","[]","[]","[]",0,"[166.787]",247.891,"[5092.43,9268.53,5161.64,3642.16,2774.73]","[]","[9187.41]","[]"
292688,284500,2725082,364140,1,1.76249,2.92375e+06,1.74563,1,0.995472,1,1,0.996308,0.839396,1,0,1,0,1,"[0]","[1]","[218848]","[-0.160093]","[0.905311]","[221659]","[0.211891]","[-1]","[13]","[1]","[0]","[-549.055]","[-0.00490294]","[0.739526]",238938,0.806482,2,"[535684,132356]","[-0.405199,-0.724642]","[-2.51132,-0.269491]","[580947,169052]","[0.992148,0.991684]","[0,0]","[0,0]","[-0.878815,-0.957437]",0,"[]","[]","[]","[]","[]","[]","[]","[]","[]","[]",1,"[521187]","[-0.442675]","[-2.51365]","[574154]","[34893.5]","[0]","[3.14518]","[0.457037]",0,"[]","[]","[]","[]","[]","[]","[]","[]","[]","[]",0,"[13282.9]",14169.7,"[15559.7,2222]","[]","[3029.19]","[]"
293721,284500,2720532,364140,1,1.76249,2.92375e+06,0.738662,1.00588,1,1,1,1.24183,1.00306,1,1,0,0,1,"[0]","[1]","[455576]","[1.04263]","[2.69021]","[726460]","[-0.129471]","[1]","[11]","[1]","[0]","[14613]","[0.0119639]","[1.28473]",136617,2.85152,3,"[578970,126353,66557.4]","[0.857585,-1.47211,1.11038]","[-0.243916,-0.958094,-3.04915]","[805904,290472,112292]","[0.996847,0.993371,0.962918]","[0,0,15]","[0,0,1]","[-0.881409,-0.776452,0.852154]",0,"[]","[]","[]","[]","[]","[]","[]","[]","[]","[]",2,"[599014,578666]","[0.835181,1.04079]","[-0.242517,2.754]","[820890,926736]","[29526.8,99169]","[0,0]","[5.7696,1.05349]","[0.575673,0.549655]",0,"[]","[]","[]","[]","[]","[]","[]","[]","[]","[]",0,"[5920.71]",11686.5,"[8180.94,5137.23,3144.23]","[]","[28650.6,18579.4]","[]"
294649,284500,591334,364140,1,1.76249,2.92375e+06,0.351687,1,0.999111,1,1,0.950548,0.888557,1,0,1,0,1,"[0]","[1]","[29264.5]","[-1.06894]","[2.33754]","[47637.8]","[0.122194]","[-1]","[13]","[1]","[0]","[-829.265]","[0.0763927]","[9.72086]",103084,2.24729,3,"[446593,303534,36255.4]","[-0.151764,-0.539185,-0.10466]","[-0.572184,2.60561,-2.25238]","[453660,349645,37062.5]","[0.994452,0.995883,0.998655]","[4,0,15]","[0,0,1]","[-0.955453,-0.977032,-0.795398]",0,"[]","[]","[]","[]","[]","[]","[]","[]","[]","[]",2,"[422285,319161]","[-0.142909,-0.595073]","[-0.57626,2.57376]","[428400,382467]","[39188.7,62307.3]","[0,0]","[1.97279,1.79959]","[0.572339,0.388699]",0,"[]","[]","[]","[]","[]","[]","[]","[]","[]","[]",0,"[64.6869]",18199.8,"[10192,4432.37,2414.33]","[]","[12765.4,32362.7]","[]"
294734,284500,1429986,364140,1,1.76249,2.92375e+06,0.619412,0.97097,0.99447,1,1,1.04684,0.99737,1,1,0,0,2,"[0,0]","[1,0]","[37161,15493.7]","[0.510308,0.636735]","[0.461533,-1.31961]","[42105.5,18742.4]","[0.0423355,-0.0500526]","[-1,1]","[11,13]","[1,1]","[1082.32,0]","[617.811,1853.81]","[-0.0180837,0.33606]","[1.49141,26.7506]",30039.1,-1.91496,4,"[322683,232325,29865.1,20652.7]","[0.780277,-0.0145051,-0.917716,2.28217]","[2.64871,-0.359685,1.03315,-2.3742]","[432211,233072,43688.7,102331]","[1,0.991538,0.982093,0.657158]","[5,0,0,0]","[0,0,0,0]","[-0.648926,-0.161591,-0.952746,-0.0722688]",0,"[]","[]","[]","[]","[]","[]","[]","[]","[]","[]",1,"[303893]","[0.800032]","[2.66313]","[413837]","[77865.1]","[0]","[1.40844]","[0.763678]",0,"[]","[]","[]","[]","[]","[]","[]","[]","[]","[]",0,"[75.1315,95.6262]",10587.5,"[3328.74,2613.43,6687.27,1183.64]","[]","[396.812]","[]"
297282,284500,563771,364140,1,1.76249,2.92375e+06,0.75088,0.976298,1,1,1,0.954334,0.98869,1,1,0,0,2,"[0,0]","[1,0]","[72253.8,8000.9]","[-1.8877,-1.26587]","[-1.93207,-2.74361]","[244058,15314.4]","[0.113665,-0.0119867]","[-1,1]","[11,11]","[1,1]","[1829.25,0]","[-1195,46.459]","[0.085241,-0.011912]","[2.16814,0.4302]",121278,-2.33519,6,"[374049,282789,51910.6,33254.4,28942.3,26225]","[-1.42468,-1.21699,-1.61157,1.23656,2.01629,0.120294]","[2.20215,-0.270735,-0.109038,-1.30835,0.993683,-1.49156]","[823969,521201,135334,62623.1,110673,26950.5]","[0.99733,1,0.995326,0.991825,0.995403,0.976766]","[4,0,0,0,0,0]","[0,0,0,0,0,0]","[-0.370874,-0.947043,-0.807984,-0.834368,-0.674097,-0.702151]",0,"[]","[]","[]","[]","[]","[]","[]","[]","[]","[]",2,"[372830,342419]","[-1.41433,-1.29416]","[2.19733,-0.240443]","[813226,675322]","[41298.2,71830.7]","[0,0]","[1.77722,1.49391]","[0.61818,0.783778]",0,"[]","[]","[]","[]","[]","[]","[]","[]","[]","[]",0,"[300.981,140.516]",2015.36,"[9246.5,12911.4,2384.9,2893.12,1964.11,3227.41]","[]","[37195.1,24761.3]","[]"
299417,284500,2498605,364140,1.25036,1.76249,2.92375e+06,1.32095,0.96126,1,1,1,0.99455,0.96978,1,1,0,0,1,"[0]","[1]","[28577.8]","[0.576391]","[0.8655]","[33457.8]","[0.0904694]","[-1]","[11]","[1]","[0]","[1929.16]","[0.0257474]","[2.2734]",75445.5,-0.275242,5,"[281128,256873,39759.1,22913,22692.2]","[0.709657,-0.174137,1.68306,0.463359,-2.32158]","[-1.67659,1.98565,0.102197,1.65415,2.16234]","[355570,261799,110794,25935.1,116846]","[0.975259,0.976072,0.992209,0.909483,0.984697]","[0,0,15,0,0]","[0,0,1,0,0]","[-0.479419,-0.905923,-0.911696,-0.464342,-0.761332]",0,"[]","[]","[]","[]","[]","[]","[]","[]","[]","[]",2,"[291949,250166]","[0.70027,-0.180161]","[-1.67628,1.99244]","[366899,255118]","[16980.7,21181.6]","[0,0]","[4.16639,2.29857]","[0.259917,0.367621]",0,"[]","[]","[]","[]","[]","[]","[]","[]","[]","[]",0,"[45.3779]",4333.12,"[3712.53,4803.02,3499.56,3126.45,1674.24]","[]","[17276.8,2190.44]","[]"
300416,284500,870699,364140,1,1.76249,2.92375e+06,0.696077,1,0.985252,1,1,0.998038,0.941278,1,0,1,0,2,"[0,0]","[1,0]","[34787.7,11175.3]","[2.30849,1.57857]","[1.13376,1.80149]","[176698,28241.8]","[0.0758438,-0.772774]","[-1,1]","[13,13]","[1,1]","[0,0]","[15.3162,970.174]","[-0.014067,-0.100036]","[1.3397,6.68226]",146134,1.65748,3,"[352913,154011,47394.9]","[-0.523296,-2.27688,-0.790878]","[-1.52101,1.87172,-0.417763]","[403477,758488,63343.5]","[1,0.993719,0.99]","[0,0,0]","[0,0,0]","[-0.95398,-0.520292,-0.064932]",0,"[]","[]","[]","[]","[]","[]","[]","[]","[]","[]",1,"[370706]","[-0.47429]","[-1.52386]","[413836]","[23148.5]","[0]","[2.25731]","[0.679281]",0,"[]","[]","[]","[]","[]","[]","[]","[]","[]","[]",0,"[329.714,38.6634]",2753.62,"[3667.86,8410.66,3366.08]","[]","[8726.5]","[]"
302465,284500,583217,364140,1.20059,1.76249,2.92375e+06,0.923924,1,0.998917,1,1,0.981286,0.973461,1,0,1,0,1,"[0]","[1]","[60352.1]","[-1.16491]","[-2.38534]","[106147]","[-0.040062]","[-1]","[13]","[1]","[0]","[-325.29]","[0.0161477]","[1.75314]",77693.9,-2.73276,3,"[399704,327331,128138]","[-1.62137,1.83767,0.404897]","[-1.11276,1.93154,1.19308]","[1.05098e+06,1.05429e+06,141487]","[1,0.997211,0.998809]","[5,0,0]","[0,0,0]","[0.979273,-0.90215,-0.881255]",0,"[]","[]","[]","[]","[]","[]","[]","[]","[]","[]",2,"[413826,327845]","[-1.61166,1.8533]","[-1.11193,1.93044]","[1.07823e+06,1.0717e+06]","[12501.6,9396.18]","[0,0]","[5.07502,2.40057]","[0.557801,0.272015]",0,"[]","[]","[]","[]","[]","[]","[]","[]","[]","[]",0,"[662.064]",3875.57,"[6672.42,10550.1,1985.11]","[]","[27838.3,9793.28]","[]"
303254,284500,2641842,364140,1,1.76249,2.92375e+06,0.619412,0.97538,1,1,1,0.998416,1.01508,1,1,0,0,1,"[0]","[1]","[118740]","[-1.56592]","[2.10633]","[296610]","[-0.0304165]","[1]","[11]","[1]","[1370.24]","[-545.72]","[0.0223584]","[1.51345]",227932,2.07811,2,"[434495,63105.4]","[-0.377961,-1.22536]","[-1.1325,1.6657]","[466376,117061]","[1,0.995422]","[0,0]","[0,0]","[-0.98125,-0.886854]",0,"[]","[]","[]","[]","[]","[]","[]","[]","[]","[]",1,"[453694]","[-0.369605]","[-1.13048]","[485545]","[22189]","[0]","[3.62961]","[0.355582]",0,"[]","[]","[]","[]","[]","[]","[]","[]","[]","[]",0,"[2326.25]",5054.66,"[9978.5,4666.52]","[]","[39476.7]","[]"
303667,284500,2378083,364140,1,1.76249,2.92375e+06,0.402058,0.9364,1,1,1,0.9654,0.8297,1,1,0,0,1,"[0]","[1]","[28991.9]","[2.12775]","[-0.46958]","[123434]","[0.210587]","[-1]","[11]","[1]","[0]","[1751.8]","[-0.00834777]","[0.341868]",9004.68,0.400745,4,"[246374,213447,40873.2,25287.1]","[0.369525,-2.36817,-2.04083,2.46847]","[-0.586685,2.58614,2.23141,3.07055]","[264102,1.15021e+06,160033,150367]","[0.975704,1,0.989531,0.0787152]","[0,4,0,0]","[0,0,0,0]","[-0.923354,-0.0676064,-0.725148,-0.712606]",0,"[]","[]","[]","[]","[]","[]","[]","[]","[]","[]",1,"[263208]","[0.339135]","[-0.582617]","[279301]","[21275.7]","[0]","[1.66774]","[0.600539]",0,"[]","[]","[]","[]","[]","[]","[]","[]","[]","[]",0,"[167.517]",13023.1,"[4952.01,10338.5,3277.88,3670.12]","[]","[5967.97]","[]"
305660,284500,2677339,364140,1,1.76249,2.92375e+06,1.26205,1,0.993821,1,1,0.96603,1.05639,1,0,1,0,1,"[0]","[1]","[191421]","[0.865826]","[3.12714]","[267766]","[-0.0112317]","[-1]","[13]","[1]","[0]","[-617.724]","[-0.00896406]","[2.12663]",13004.7,2.45268,8,"[300931,141912,40491.2,39108.6,31034.3,29471.2,27525.9,22562.8]","[-0.624764,0.281056,-0.23273,0.112201,0.237086,0.0378855,-1.04553,-1.81195]","[-0.640527,2.15695,-0.878563,0.923149,-0.86667,2.71166,-1.39464,2.96242]","[366269,147969,41780.5,39959.2,32203.3,29649,44287.8,70960.1]","[1,0.9936,0.991571,1,1,1,0.985189,0.993176]","[0,0,4,0,0,15,0,0]","[0,0,0,0,0,1,0,0]","[-0.88866,-0.736199,-0.720204,-0.843234,-0.895099,0.230767,-0.882638,-0.664151]",0,"[]","[]","[]","[]","[]","[]","[]","[]","[]","[]",1,"[374455]","[-0.529256]","[-0.681972]","[447048]","[128656]","[0]","[1.53645]","[0.780288]",0,"[]","[]","[]","[]","[]","[]","[]","[]","[]","[]",0,"[2978.49]",10651.7,"[6549.93,2533.01,4874.21,1889.07,4720.91,2375.63,3371.37,1722.62]","[]","[62.5]","[]"
306171,284500,1985332,364140,1,1.76249,2.92375e+06,1.1961,0.96592,1,1,1,1.04353,0.95452,1,1,0,0,1,"[0]","[1]","[47051.8]","[-0.620547]","[-2.45926]","[56405.6]","[0.0702744]","[-1]","[11]","[1]","[0]","[-1231.03]","[-0.00541588]","[0.446397]",155619,-2.32535,7,"[404527,123625,113190,102208,55116.9,26873.5,20178.8]","[1.10414,-2.42634,-0.72143,2.44364,0.0339053,-0.832781,0.786411]","[0.746833,-2.58349,2.45333,-0.301297,0.296495,0.705307,-2.32624]","[677819,705270,145267,593082,55682,37106.4,27262.6]","[1,0.99545,0.987997,1,0.984578,0.825771,0.708883]","[0,0,0,0,5,0,0]","[0,0,0,0,0,0,0]","[-0.968653,-0.849876,-0.763939,-0.693267,0.998937,-0.94116,-0.936133]",0,"[]","[]","[]","[]","[]","[]","[]","[]","[]","[]",1,"[397608]","[1.08422]","[0.742313]","[655534]","[23332.2]","[0]","[1.4167]","[0.564965]",0,"[]","[]","[]","[]","[]","[]","[]","[]","[]","[]",0,"[206.061]",33220.2,"[8783.94,4133.07,6564.08,3760.84,3134.96,2610.22,3686.16]","[]","[4951.25]","[]"
306790,284500,756045,364140,1,1.76249,2.92375e+06,1.24168,1,0.99524,1,1,0.91743,0.993967,1,0,1,0,1,"[0]","[1]","[106376]","[1.3805]","[3.11595]","[224897]","[-0.0187168]","[-1]","[13]","[1]","[0]","[496.646]","[0.0180555]","[3.22813]",87589.5,2.36564,7,"[532986,79116.1,72174.6,64369,63683.9,38084.1,26669]","[0.0247758,-0.691697,0.45099,-0.106971,0.466743,-0.473764,-2.17618]","[-0.024593,2.10923,-3.03752,3.12134,-0.102902,1.25059,-2.7159]","[534613,98978.6,79883.3,65817.1,70964.8,42749.1,119096]","[0.999938,0.761545,0.995029,0.998343,1,0.990386,1]","[0,0,4,4,0,0,0]","[0,0,0,0,0,0,0]","[-0.930912,-0.778379,0.651551,-0.0610361,-0.761834,-0.922941,-0.0581404]",0,"[]","[]","[]","[]","[]","[]","[]","[]","[]","[]",1,"[596831]","[0.0751496]","[-0.0319869]","[606400]","[97462.8]","[0]","[2.44644]","[0.553051]",0,"[]","[]","[]","[]","[]","[]","[]","[]","[]","[]",0,"[574.053]",3697.8,"[13030.8,2616.67,4213.42,2711.52,7707.13,6064.22,2707.14]","[]","[39898.4]","[]"
312275,284500,639626,364140,1,1.76249,2.92375e+06,0.619412,1,0.992387,1,1,0.954949,0.943663,1,0,1,0,1,"[0]","[1]","[56896.6]","[-1.14615]","[1.43478]","[98542.7]","[-0.14669]","[-1]","[13]","[1]","[0]","[-1187.22]","[-0.108101]","[15.7705]",29549.4,-1.96135,6,"[354761,262350,58566.5,31094.4,27258.2,25611]","[-1.03284,-1.68602,-1.31608,-1.12141,-0.20196,-1.01303]","[-0.390992,3.02219,-1.10817,3.02171,2.57861,-2.67161]","[562184,733219,117578,53298.3,28348.2,40336.1]","[0.996129,0.990271,0.99946,0.999592,0.986161,0.752636]","[0,0,0,5,5,15]","[0,0,0,0,0,1]","[-0.922865,-0.910882,-0.959536,-0.77127,0.988505,-0.0804782]",0,"[]","[]","[]","[]","[]","[]","[]","[]","[]","[]",2,"[376243,253630]","[-1.09949,-1.67939]","[-0.466864,3.00987]","[636938,705626]","[109171,52562.7]","[0,0]","[2.08954,1.51738]","[0.73838,0.696024]",0,"[]","[]","[]","[]","[]","[]","[]","[]","[]","[]",0,"[662.342]",1017.09,"[6257.24,4507.4,5643.67,3065.04,2733.67,2086.07]","[]","[16698.3,12070.3]","[]"
313708,284500,2207860,364140,1.26969,1.76249,2.92375e+06,0.351687,1,0.998924,1,1,0.999467,0.978073,1,0,1,0,1,"[0]","[1]","[45948.7]","[-2.36194]","[2.19524]","[245959]","[-0.172108]","[-1]","[13]","[1]","[0]","[-997.312]","[0.0459102]","[5.26388]",87966,2.15983,1,"[380819]","[-1.00233]","[-2.22834]","[589600]","[0.986698]","[0]","[0]","[-0.286197]",0,"[]","[]","[]","[]","[]","[]","[]","[]","[]","[]",1,"[364225]","[-0.996102]","[-2.23162]","[561103]","[28780.7]","[0]","[2.73278]","[0.700557]",0,"[]","[]","[]","[]","[]","[]","[]","[]","[]","[]",0,"[167.948]",896.336,"[11362.6]","[]","[18848.3]","[]"
314759,284500,1007422,364140,1,1.76249,2.92375e+06,1.26459,0.96257,1,1,1,0.990708,0.99379,1,1,0,0,1,"[0]","[1]","[42644.3]","[-1.78568]","[0.444026]","[130733]","[-0.00557613]","[-1]","[11]","[1]","[0]","[364.171]","[-0.0329175]","[1.7326]",131479,0.263903,5,"[254580,107196,88038.8,79169.9,20451.8]","[0.0740725,1.02169,0.231353,-1.7948,-1.95813]","[-2.92587,0.902627,-2.13281,-0.266065,2.45274]","[255978,168775,91723.5,244850,73960]","[0.999232,0.980836,0.996919,0.99,1]","[0,0,0,15,0]","[0,0,0,1,0]","[-0.930246,-0.456845,-0.926784,-0.135414,-0.155323]",0,"[]","[]","[]","[]","[]","[]","[]","[]","[]","[]",1,"[313012]","[0.119851]","[-2.7435]","[335878]","[115859]","[0]","[1.07289]","[0.763252]",0,"[]","[]","[]","[]","[]","[]","[]","[]","[]","[]",0,"[276.245]",13230.5,"[4638.05,4357.59,8355.76,2393.25,1971.99]","[]","[7749.34]","[]"
315583,284500,1648277,364140,1,1.76249,2.92375e+06,1.26459,0.97538,1,1,1,0.993729,1.01508,1,1,0,0,1,"[0]","[1]","[101588]","[-1.77523]","[-2.24926]","[308376]","[-0.246756]","[-1]","[11]","[1]","[0]","[-313.866]","[-0.0450658]","[4.59393]",211890,-2.14585,3,"[424571,99322.1,39595.5]","[-0.488445,-1.32615,-1.07637]","[0.843822,-2.04463,2.63651]","[476965,200367,65154.5]","[1,0.994898,0.66379]","[0,15,0]","[0,1,0]","[-0.986123,-0.708041,-0.807053]",0,"[]","[]","[]","[]","[]","[]","[]","[]","[]","[]",1,"[412987]","[-0.500367]","[0.846041]","[466619]","[28075.2]","[0]","[2.00636]","[0.177221]",0,"[]","[]","[]","[]","[]","[]","[]","[]","[]","[]",0,"[1497.92]",394.516,"[4525.73,2346.75,2108.15]","[]","[1948.5]","[]"
